1,37,37,34,21,32,36,37,36,25,21,30,30,25,33,22,24,25,33,21,26,23,30,32,25,31,25,22,27,31,30,29,21,31,27,28,24,22,22,24,23,21,9,6,12
2,28,25,24,25,22,18,36,33,18,23,30,24,26,19,29,21,26,21,30,33,21,39,29,23,26,26,25,28,18,24,18,29,30,24,17,18,28,29,13,16,6,11,14
3,29,19,30,24,24,32,20,28,19,27,25,21,20,21,30,22,28,26,28,22,26,29,23,26,31,21,24,23,26,22,23,28,18,18,26,24,26,11,18,4,6,12
4,19,22,22,29,32,27,24,35,15,27,23,20,22,32,26,32,25,24,22,20,29,31,31,24,24,23,22,30,15,28,25,34,20,20,22,17,16,15,7,7,4
5,18,16,27,20,21,18,12,22,23,22,18,24,26,19,14,19,24,21,24,17,22,27,25,25,22,16,19,21,27,18,36,22,20,16,19,12,9,4,11,6
6,21,31,32,16,22,27,27,18,26,28,13,27,32,23,27,32,21,21,13,27,33,32,28,18,22,22,24,30,18,23,24,18,27,29,11,13,7,5,15
7,27,26,24,27,29,15,21,17,18,23,22,27,26,25,27,23,24,24,22,22,28,26,24,13,26,26,14,19,24,11,16,21,23,16,15,4,5,9
8,28,25,35,23,27,28,16,12,21,23,23,21,22,19,20,25,26,21,27,35,26,22,19,24,24,22,20,26,19,14,18,29,18,15,6,11,12
9,26,32,29,30,25,21,25,21,31,31,26,23,26,28,19,25,35,39,30,27,27,28,29,24,28,29,26,29,17,24,30,11,16,9,7,10
10,25,25,27,26,19,22,25,21,20,24,18,26,21,21,31,23,24,23,29,19,21,20,17,21,26,22,18,20,29,24,17,13,7,9,15
11,20,27,18,29,18,21,28,28,15,28,22,30,31,23,18,27,28,33,20,18,24,24,23,28,22,23,29,17,30,14,17,4,14,14
12,21,25,27,19,22,32,20,20,22,17,14,26,22,23,24,26,27,31,19,24,17,19,16,24,12,24,16,25,12,20,6,6,10
13,26,25,25,20,24,22,23,23,28,33,24,23,20,29,19,28,32,20,25,22,26,25,23,13,18,19,30,13,19,8,12,10
14,18,26,25,22,19,21,13,27,25,24,30,28,22,29,20,17,23,22,21,20,25,27,22,20,19,17,21,20,8,7,6
15,19,18,33,24,20,15,25,19,29,27,28,23,26,20,18,22,21,25,26,13,15,14,22,17,28,14,13,6,6,6
16,23,25,21,23,19,36,13,15,25,30,27,20,25,16,19,14,18,16,23,21,19,21,18,23,11,12,6,5,10
17,29,21,20,21,23,21,20,18,30,18,27,19,21,25,23,12,24,20,34,15,18,21,28,16,9,8,8,4
18,20,29,21,30,27,30,29,22,27,27,26,32,21,20,21,27,24,31,14,22,24,33,12,14,8,9,9
19,22,20,27,23,27,22,37,31,29,21,22,22,17,23,18,28,19,18,29,19,23,12,14,6,6,6
20,18,32,17,23,24,25,23,33,28,19,28,22,17,20,22,18,19,23,20,17,15,15,8,3,7
21,19,12,27,22,20,23,26,21,26,21,21,27,18,24,25,17,22,17,19,15,18,6,7,6
22,26,31,26,37,29,26,32,28,29,28,17,21,18,30,26,36,32,43,13,18,6,9,11
23,20,26,27,20,20,32,23,23,24,25,26,23,31,22,21,25,26,4,14,3,11,5
24,19,23,28,28,31,31,23,21,26,34,23,29,19,24,24,21,11,22,6,6,13
25,28,27,24,31,33,24,20,20,23,29,30,18,21,18,17,9,12,7,9,6
26,21,29,32,22,26,19,16,25,26,24,27,20,21,20,15,15,8,11,9
27,25,22,26,25,29,18,17,33,27,16,26,25,30,13,14,8,7,10
28,23,26,20,32,17,31,20,35,18,28,20,25,13,17,6,3,13
29,21,30,17,23,28,26,29,23,21,18,31,8,18,7,7,14
30,27,19,22,29,30,20,26,23,13,22,10,21,4,4,3
31,21,16,20,26,25,21,21,18,21,9,10,6,5,9
32,22,25,26,18,27,19,23,31,19,13,7,5,13
33,19,20,22,12,15,19,22,11,19,6,2,7
34,27,24,18,24,25,23,12,18,13,8,10
35,24,23,27,19,24,9,15,8,9,7
36,25,22,26,21,14,21,7,7,9
37,22,17,21,8,16,12,11,9
38,19,26,12,18,8,8,10
39,19,13,14,7,7,5
40,16,14,6,13,10
41,10,1,7,10
42,6,14,9
43,8,8
44,3
#
1,27,23,22,13,22,25,24,24,18,13,22,19,17,23,17,16,17,24,11,19,18,19,23,13,23,19,12,16,21,19,22,12,21,18,23,17,12,12,18,23,21,9,6,12
2,21,13,11,15,14,13,23,16,11,12,18,15,16,13,18,12,19,10,18,17,14,27,18,11,19,17,17,16,12,15,11,21,20,13,10,10,13,19,13,16,6,11,14
3,17,10,20,15,11,19,12,15,14,15,16,9,11,7,14,13,18,15,14,10,16,19,13,17,19,9,17,11,13,14,16,17,7,9,14,12,12,11,18,4,6,12
4,12,13,11,21,24,14,12,20,10,20,14,14,17,23,14,18,12,12,15,11,12,24,19,15,14,10,17,18,9,15,15,23,12,16,14,9,16,15,7,7,4
5,12,10,17,11,11,12,8,14,17,12,14,18,14,13,4,12,16,12,13,11,16,15,14,14,11,9,11,11,13,12,21,12,13,7,12,12,9,4,11,6
6,18,19,23,10,12,18,19,8,14,15,6,14,20,16,18,19,13,17,8,17,20,23,17,13,12,14,18,23,14,16,15,11,14,18,11,13,7,5,15
7,17,17,16,19,16,13,13,12,14,17,15,18,18,19,21,18,20,16,18,17,17,20,15,8,19,15,8,15,15,7,12,14,14,16,15,4,5,9
8,16,17,17,14,18,19,10,7,16,15,17,17,13,12,12,15,17,16,19,24,16,11,11,16,16,13,18,18,10,5,13,13,18,15,6,11,12
9,14,20,17,16,19,14,18,11,19,19,18,13,16,16,13,9,22,24,17,19,9,20,21,15,17,17,16,20,9,15,17,11,16,9,7,10
10,15,14,18,19,13,13,15,8,12,15,11,17,13,12,20,13,14,14,16,10,14,10,7,14,17,13,9,11,17,12,17,13,7,9,15
11,10,14,9,18,9,16,12,18,10,15,8,16,14,10,12,11,9,15,7,7,11,11,11,20,10,18,13,8,14,14,17,4,14,14
12,9,18,18,11,14,15,13,10,11,6,11,18,12,17,18,15,17,20,15,15,8,13,10,18,6,16,8,9,12,20,6,6,10
13,17,13,15,14,13,10,14,19,17,22,15,17,11,18,11,19,19,14,12,13,17,17,13,5,10,9,21,13,19,8,12,10
14,12,16,21,12,12,15,8,15,15,18,22,17,14,23,14,12,16,19,15,15,18,16,20,10,13,8,21,20,8,7,6
15,13,11,20,18,12,8,17,12,20,20,19,15,17,13,11,9,12,16,19,9,9,10,14,12,16,14,13,6,6,6
16,18,16,15,15,11,19,9,14,15,21,16,15,16,9,12,8,13,10,14,16,8,14,6,11,11,12,6,5,10
17,12,15,12,14,15,16,14,15,20,11,19,13,12,19,15,10,18,16,24,8,14,17,16,16,9,8,8,4
18,10,16,12,17,16,21,16,12,15,16,18,20,12,13,14,17,15,21,9,13,13,21,12,14,8,9,9
19,15,14,18,15,18,14,25,18,21,15,13,15,13,13,10,17,14,10,19,13,16,12,14,6,6,6
20,13,20,10,16,14,16,16,21,21,8,20,12,12,15,15,8,11,13,8,9,15,15,8,3,7
21,12,7,18,16,12,14,12,15,14,13,11,16,9,14,17,7,10,10,11,15,18,6,7,6
22,17,19,17,17,16,18,22,13,17,18,9,13,10,18,19,24,13,22,13,18,6,9,11
23,10,12,18,10,13,24,13,17,13,19,12,15,20,14,15,14,16,4,14,3,11,5
24,12,10,18,20,20,17,11,15,19,18,15,18,10,18,12,12,11,22,6,6,13
25,19,12,16,22,13,12,11,16,14,16,20,12,13,12,9,9,12,7,9,6
26,12,20,20,15,16,9,9,18,15,15,12,13,9,10,15,15,8,11,9
27,15,10,15,15,18,11,10,22,18,7,18,11,16,13,14,8,7,10
28,16,19,12,21,11,20,14,26,12,19,12,13,13,17,6,3,13
29,16,23,11,8,22,19,19,13,18,6,23,8,18,7,7,14
30,16,8,10,16,19,12,15,11,7,10,10,21,4,4,3
31,12,11,12,14,15,15,13,11,14,9,10,6,5,9
32,12,20,15,9,12,9,13,17,19,13,7,5,13
33,8,14,15,8,7,10,9,11,19,6,2,7
34,13,16,14,16,16,11,12,18,13,8,10
35,15,14,18,12,14,9,15,8,9,7
36,15,19,16,10,14,21,7,7,9
37,11,12,11,8,16,12,11,9
38,10,13,12,18,8,8,10
39,10,13,14,7,7,5
40,16,14,6,13,10
41,10,1,7,10
42,6,14,9
43,8,8
44,3
#
1,17,15,11,5,18,15,15,15,13,7,12,13,10,15,10,11,11,15,8,15,11,12,18,6,15,14,7,8,14,13,14,8,15,9,16,12,7,5,12,15,11,9,6,12
2,14,6,7,11,10,8,14,12,6,7,12,6,8,8,12,6,10,9,13,14,11,17,11,5,12,6,10,9,4,13,4,16,13,10,9,6,8,13,7,10,6,11,14
3,9,4,11,9,5,9,8,10,7,8,11,6,7,4,6,8,10,6,9,6,11,7,6,9,9,2,11,6,8,10,8,9,3,5,7,9,10,8,8,4,6,12
4,5,8,5,8,8,11,6,7,4,7,6,4,8,10,10,9,7,8,7,5,6,12,8,8,5,5,8,9,6,8,7,12,6,8,4,5,9,7,7,7,4
5,6,5,7,5,6,8,1,4,8,6,7,11,10,7,2,6,9,3,7,5,7,11,10,5,8,4,7,7,7,7,15,8,5,3,7,8,6,4,11,6
6,11,12,16,4,8,11,13,4,5,8,4,11,14,8,12,13,7,11,5,13,13,12,10,9,10,12,8,17,8,8,9,9,9,15,9,6,7,5,15
7,9,9,7,9,9,8,8,7,7,8,7,10,9,16,11,10,11,8,10,11,10,11,8,6,11,7,4,8,7,5,5,7,9,8,7,4,5,9
8,8,14,10,7,12,9,3,3,10,6,9,10,6,8,7,11,11,8,13,15,8,6,7,10,7,8,10,15,8,4,6,10,13,10,6,11,12
9,10,12,9,12,10,3,11,9,14,8,8,8,7,9,6,5,11,13,5,13,4,12,13,8,8,10,12,13,4,9,10,6,8,9,7,10
10,10,10,11,9,7,6,9,5,5,4,8,7,7,7,14,8,8,9,8,7,7,7,1,11,7,9,8,6,7,9,14,9,7,9,15
11,7,7,7,5,4,6,9,8,6,11,5,9,9,4,6,6,6,7,5,4,7,9,8,9,7,11,6,4,8,9,8,4,14,14
12,5,9,9,7,6,5,5,3,8,5,4,12,5,8,10,5,9,16,8,10,6,7,2,10,2,8,6,7,9,15,6,6,10
13,7,8,8,8,8,3,7,12,11,17,10,10,5,13,6,13,13,7,7,8,13,8,8,3,7,3,12,8,8,8,12,10
14,5,6,12,7,4,8,7,9,8,12,12,8,7,6,7,6,9,7,7,4,6,10,10,7,5,4,13,13,8,7,6
15,3,5,12,9,5,5,13,5,16,12,13,7,11,3,9,4,10,6,11,4,3,4,9,7,10,10,8,6,6,6
16,8,8,6,7,6,11,5,10,8,8,11,8,9,4,5,4,6,7,8,9,5,9,1,8,7,7,6,5,10
17,5,8,5,8,9,12,7,10,9,5,10,5,5,11,9,8,6,7,16,6,7,7,11,11,7,8,8,4
18,6,7,5,10,11,15,10,8,8,10,8,16,6,8,8,11,9,14,6,9,9,17,7,6,8,9,9
19,5,9,12,7,12,6,13,11,10,6,7,9,6,7,5,2,12,7,10,10,8,6,7,6,6,6
20,8,11,6,9,6,8,9,9,10,7,13,5,4,9,9,5,6,8,1,9,12,8,8,3,7
21,9,3,16,11,9,9,9,8,8,8,7,11,5,5,11,4,4,8,9,11,15,6,7,6
22,13,15,11,11,14,13,16,9,12,13,5,13,7,13,13,15,8,17,9,15,6,9,11
23,4,6,9,4,4,11,9,8,7,9,8,5,12,10,8,7,11,3,12,3,11,5
24,10,8,12,14,12,12,8,11,11,8,8,10,6,9,8,9,9,14,6,6,13
25,7,9,10,16,7,6,9,11,9,9,14,7,9,9,7,7,8,7,9,6
26,9,12,6,9,10,4,5,14,8,9,8,11,3,6,10,8,8,11,9
27,8,6,8,11,11,4,5,9,15,4,10,10,7,11,5,8,7,10
28,8,9,5,13,4,13,6,15,6,11,7,8,8,13,6,3,13
29,5,10,4,4,11,8,10,6,11,1,11,5,11,7,7,14
30,10,4,6,15,11,9,12,8,6,5,8,15,4,4,3
31,7,8,7,10,10,7,8,5,10,6,6,6,5,9
32,7,14,8,7,7,5,7,12,10,6,7,5,13
33,4,8,11,6,6,5,6,7,12,6,2,7
34,8,12,9,9,8,6,7,11,13,8,10
35,10,8,8,5,8,4,6,8,9,7
36,10,12,9,5,7,15,7,7,9
37,8,10,7,7,10,12,11,9
38,7,7,10,12,8,8,10
39,7,7,9,7,7,5
40,11,8,6,13,10
41,6,1,7,10
42,6,14,9
43,8,8
44,3
#
1,9,8,7,3,11,6,9,8,10,3,6,7,4,11,5,8,7,14,4,6,6,7,12,5,7,7,6,5,9,9,6,5,9,4,12,9,5,3,3,7,9,4,1,9
2,8,3,4,7,3,5,8,6,6,5,7,4,4,6,7,3,7,5,4,9,3,8,8,4,7,3,7,7,1,9,3,11,7,6,6,2,5,6,3,6,5,7,11
3,4,2,4,2,3,6,4,5,4,4,6,3,5,0,4,4,3,3,8,4,8,5,3,5,4,2,5,3,6,6,5,4,2,3,4,7,6,4,4,2,3,5
4,2,5,3,3,4,4,3,5,1,4,4,3,5,4,6,4,3,6,4,3,3,5,5,6,5,1,5,5,2,5,1,7,3,7,1,3,4,4,2,4,2
5,3,4,4,1,2,5,1,2,6,2,4,3,7,4,1,4,3,0,4,3,3,5,7,4,6,1,7,2,5,4,9,5,3,1,5,4,2,2,6,5
6,5,8,10,3,4,2,9,3,3,5,3,5,6,4,7,11,4,6,3,5,4,7,7,4,7,8,5,10,5,6,6,2,5,6,7,4,2,3,11
7,6,5,3,7,4,2,5,4,4,1,4,6,4,6,4,6,3,4,7,2,4,4,5,4,7,3,1,6,6,5,3,5,4,4,3,2,4,5
8,5,9,4,3,9,7,3,2,5,4,7,3,2,6,5,8,8,4,7,10,7,3,2,7,5,6,4,9,3,2,4,4,6,6,1,9,8
9,7,9,5,9,9,1,7,4,8,4,7,3,6,8,3,3,7,8,1,10,4,8,10,6,7,5,7,12,3,7,6,6,8,7,5,8
10,7,6,5,6,5,4,6,4,4,3,6,5,4,6,10,7,4,6,6,5,5,5,0,7,3,4,5,4,3,8,10,6,4,8,11
11,6,4,3,3,3,1,5,4,3,9,3,5,7,2,3,3,4,6,3,2,6,4,6,7,4,6,2,2,6,6,5,2,8,9
12,3,6,9,2,3,5,3,1,6,4,3,8,1,2,6,3,6,14,4,7,3,5,1,7,1,7,6,4,6,9,3,3,7
13,4,4,5,4,3,2,2,5,6,9,6,7,3,5,4,6,7,5,3,4,11,5,5,1,4,3,4,5,5,5,5,6
14,2,5,6,6,2,4,4,5,7,4,7,6,6,3,3,5,7,6,5,2,4,8,8,5,2,2,9,10,6,4,5
15,1,3,8,5,2,3,7,4,12,7,10,6,6,3,6,3,6,3,6,2,3,2,5,3,7,6,6,3,5,4
16,2,7,5,4,5,8,3,7,6,5,9,6,6,4,2,3,4,5,4,6,4,6,1,4,5,4,3,4,7
17,2,4,1,4,4,6,2,4,5,2,5,3,4,9,5,3,4,4,8,2,4,4,2,3,3,3,4,0
18,4,5,2,6,6,12,8,4,3,7,6,8,4,4,2,8,6,6,3,4,6,13,3,5,3,5,6
19,3,6,8,5,9,4,8,7,7,3,6,7,6,4,3,2,6,3,5,6,5,3,3,2,4,4
20,3,6,4,6,4,6,3,4,7,3,6,3,2,5,6,3,5,5,1,4,5,3,3,2,3
21,5,3,9,5,8,4,5,3,5,4,4,5,2,4,7,4,2,5,2,6,9,4,5,4
22,11,9,5,6,10,8,10,6,11,10,3,10,6,10,8,8,7,8,3,8,5,5,7
23,2,5,6,2,1,8,4,6,6,6,5,4,8,7,5,7,8,1,9,2,9,3
24,6,5,5,11,8,8,5,9,7,5,6,6,4,6,4,4,3,8,4,3,9
25,5,7,7,12,5,2,4,5,5,2,9,3,5,5,4,4,4,4,5,5
26,6,7,5,3,6,4,4,8,5,7,3,7,3,2,9,5,5,7,5
27,6,5,3,6,7,3,4,7,10,4,7,4,3,7,3,5,4,4
28,4,6,4,11,2,7,5,12,5,7,5,5,6,4,4,2,8
29,4,8,3,3,10,6,9,4,8,1,7,2,8,5,5,11
30,6,4,3,13,8,5,9,4,5,4,5,7,1,1,2
31,5,5,7,6,7,6,5,5,7,3,3,3,3,8
32,3,13,4,6,5,3,5,7,5,5,3,4,11
33,2,5,7,3,3,3,3,2,6,1,1,4
34,5,8,4,6,6,3,3,6,7,5,5
35,8,5,4,3,6,3,2,4,4,4
36,5,4,5,3,3,10,4,2,6
37,5,5,5,3,6,5,4,6
38,6,3,9,7,5,5,4
39,3,4,7,4,4,4
40,5,4,3,8,6
41,4,1,5,8
42,3,7,5
43,6,3
44,2
#
