EINZELKONTO: 400, 404, 409, 411, 414, 415, 416, 417                             
SAMMELKONTO: 405 + 408                                                          
                                                                                
WAEHRUNG                      EINZELKONTO         SAMMELKONTO         DIFFERENZ 
                                                                                
0010     CHF             241 062 764,570-     232 622 785,570    8 439 979,000-*
0022     BEF              11 499 362,000-      11 499 362,000            0,000  
0037     DKK               5 730 020,000-       5 730 020,000            0,000  
0044     DEM              92 592 686,940-      92 701 886,940      109 200,000 *
0066     FRF              62 884 288,560-      62 884 288,560            0,000  
0082     GRD              50 820 000,000-      50 820 000,000            0,000  
0089     GBP              33 053 457,620-      33 053 457,620            0,000  
0111     ITL          16 963 075 247,000-  16 963 075 247,000            0,000  
0153     NLG               6 164 685,820-       6 164 685,820            0,000  
0168     ATS               2 346 880,000-       2 346 880,000            0,000  
0183     PTE              11 681 920,000-      11 681 920,000            0,000  
0223     ESP               3 240 000,000-       3 240 000,000            0,000  
0230     CZK              80 000 000,000-      80 000 000,000            0,000  
0305     HKD              19 580 745,670-      19 580 745,670            0,000  
0335     JPY           3 659 668 549,000-   3 659 668 549,000            0,000  
0390     MYR                 338 665,800-         338 665,800            0,000  
0425     SAR                 408 550,000-         408 550,000            0,000  
0440     SGD                 490 000,000-         490 000,000            0,000  
0673     ZAR                 420 000,000-         420 000,000            0,000  
0770     CAD              10 634 186,090-      10 634 186,090            0,000  
0780     USD           2 015 426 750,750-   2 015 676 333,630      249 582,880 *
0874     ARS               5 200 000,000-       5 200 000,000            0,000  
0887     BRL                 680 000,000-         680 000,000            0,000  
0945     AUD                 250 000,000-         250 000,000            0,000  
0965     NZD               1 000 000,000-       1 000 000,000            0,000  
0995     XAU                  29 195,843-          29 195,843            0,000  
0996     XAG                 134 229,350-         134 229,350            0,000  
                                                                                
                                                                                
W„HRUNGSCODE:         2  XEU                                                    
                                                                                
                                                                                
W„HRUNGSCODE:        10  CHF                                                    
0003                       5 603 548,700-       5 603 548,700            0,000  
0060                      15 458 082,720-      15 458 082,720            0,000  
0094                       5 805 084,180-       5 805 084,180            0,000  
0175                         282 000,000-         282 000,000            0,000  
0251                      45 129 527,590-      45 129 527,590            0,000  
0355                         250 000,000-         250 000,000            0,000  
0419                          53 279,800-          53 279,800            0,000  
0425                      26 435 293,940-      26 435 293,940            0,000  
0456                         592 431,550-         592 431,550            0,000  
0637                       6 525 939,000-       6 525 939,000            0,000  
0685                          10 000,000-          10 000,000            0,000  
0791                           3 157,500-           3 157,500            0,000  
0806                         266 818,000-         266 818,000            0,000  
0818                         426 830,600-         426 830,600            0,000  
0823                         383 386,520-         383 386,520            0,000  
0835                     133 351 496,280-     124 911 517,280    8 439 979,000-*
0836                          10 354,970-          10 354,970            0,000  
0839                          51 578,720-          51 578,720            0,000  
0868                         390 047,200-         390 047,200            0,000  
0879                          33 907,300-          33 907,300            0,000  
                                                                                
                                                                                
W„HRUNGSCODE:        21  BEC                                                    
                                                                                
                                                                                
W„HRUNGSCODE:        22  BEF                                                    
0835                      11 499 362,000-      11 499 362,000            0,000  
                                                                                
                                                                                
W„HRUNGSCODE:        37  DKK                                                    
0835                       1 043 000,000-       1 043 000,000            0,000  
0860                       4 687 020,000-       4 687 020,000            0,000  
                                                                                
                                                                                
W„HRUNGSCODE:        44  DEM                                                    
0060                       1 081 671,540-       1 081 671,540            0,000  
0094                         882 892,010-         882 892,010            0,000  
0112                          49 660,000-          49 660,000            0,000  
0144                         133 834,840-         133 834,840            0,000  
0190                         155 871,000-         155 871,000            0,000  
0251                       3 790 034,280-       3 790 034,280            0,000  
0381                         602 574,000-         602 574,000            0,000  
0425                       1 509 578,690-       1 509 578,690            0,000  
0456                       6 971 132,190-       6 971 132,190            0,000  
0463                         324 823,600-         324 823,600            0,000  
0541                          70 000,000-          70 000,000            0,000  
0637                       2 381 649,500-       2 381 649,500            0,000  
0691                          30 000,000-          30 000,000            0,000  
0737                         231 000,000-         231 000,000            0,000  
0777                         118 300,000-         118 300,000            0,000  
0791                       5 286 115,000-       5 286 115,000            0,000  
0823                         903 909,170-         903 909,170            0,000  
0835                      67 660 276,090-      67 769 476,090      109 200,000 *
0837                         388 058,500-         388 058,500            0,000  
0839                          21 306,530-          21 306,530            0,000  
                                                                                
                                                                                
W„HRUNGSCODE:        60  FIM                                                    
                                                                                
                                                                                
W„HRUNGSCODE:        66  FRF                                                    
0060                         881 777,500-         881 777,500            0,000  
0094                         100 000,000-         100 000,000            0,000  
0112                       2 103 037,000-       2 103 037,000            0,000  
0172                      14 500 000,000-      14 500 000,000            0,000  
0251                      10 128 536,690-      10 128 536,690            0,000  
0271                       1 028 500,000-       1 028 500,000            0,000  
0425                       3 152 538,840-       3 152 538,840            0,000  
0451                          55 440,000-          55 440,000            0,000  
0456                       2 376 992,000-       2 376 992,000            0,000  
0637                         117 285,300-         117 285,300            0,000  
0647                         977 844,000-         977 844,000            0,000  
0823                       1 084 514,000-       1 084 514,000            0,000  
0835                      26 377 823,230-      26 377 823,230            0,000  
                                                                                
                                                                                
W„HRUNGSCODE:        82  GRD                                                    
0647                      50 820 000,000-      50 820 000,000            0,000  
                                                                                
                                                                                
W„HRUNGSCODE:        89  GBP                                                    
0251                       4 531 537,000-       4 531 537,000            0,000  
0425                         242 966,060-         242 966,060            0,000  
0835                      26 278 954,560-      26 278 954,560            0,000  
0860                       2 000 000,000-       2 000 000,000            0,000  
                                                                                
                                                                                
W„HRUNGSCODE:        97  IEP                                                    
                                                                                
                                                                                
W„HRUNGSCODE:       111  ITL                                                    
0060                     215 924 200,000-     215 924 200,000            0,000  
0172                     200 000 000,000-     200 000 000,000            0,000  
0190                      85 674 600,000-      85 674 600,000            0,000  
0251                   1 563 535 668,000-   1 563 535 668,000            0,000  
0272                     123 990 985,000-     123 990 985,000            0,000  
0405                     230 450 746,000-     230 450 746,000            0,000  
0425                     188 651 178,000-     188 651 178,000            0,000  
0456                   3 966 905 858,000-   3 966 905 858,000            0,000  
0616                     322 550 400,000-     322 550 400,000            0,000  
0787                     558 400 000,000-     558 400 000,000            0,000  
0823                     862 074 089,000-     862 074 089,000            0,000  
0835                   8 496 917 523,000-   8 496 917 523,000            0,000  
0842                     148 000 000,000-     148 000 000,000            0,000  
                                                                                
                                                                                
W„HRUNGSCODE:       139  MTL                                                    
                                                                                
                                                                                
W„HRUNGSCODE:       153  NLG                                                    
0251                         132 563,820-         132 563,820            0,000  
0425                         881 820,000-         881 820,000            0,000  
0456                       5 000 000,000-       5 000 000,000            0,000  
0765                         105 000,000-         105 000,000            0,000  
0835                          45 302,000-          45 302,000            0,000  
                                                                                
                                                                                
W„HRUNGSCODE:       161  NOK                                                    
                                                                                
                                                                                
W„HRUNGSCODE:       168  ATS                                                    
0835                       2 346 880,000-       2 346 880,000            0,000  
                                                                                
                                                                                
W„HRUNGSCODE:       183  PTE                                                    
0839                      11 681 920,000-      11 681 920,000            0,000  
                                                                                
                                                                                
W„HRUNGSCODE:       204  SEK                                                    
                                                                                
                                                                                
W„HRUNGSCODE:       217  RUR                                                    
                                                                                
                                                                                
W„HRUNGSCODE:       218  RUB                                                    
                                                                                
                                                                                
W„HRUNGSCODE:       223  ESP                                                    
0637                       3 240 000,000-       3 240 000,000            0,000  
                                                                                
                                                                                
W„HRUNGSCODE:       230  CZK                                                    
0835                      80 000 000,000-      80 000 000,000            0,000  
                                                                                
                                                                                
W„HRUNGSCODE:       251  AED                                                    
                                                                                
                                                                                
W„HRUNGSCODE:       267  BDT                                                    
                                                                                
                                                                                
W„HRUNGSCODE:       290  CNY                                                    
                                                                                
                                                                                
W„HRUNGSCODE:       295  CYP                                                    
                                                                                
                                                                                
W„HRUNGSCODE:       305  HKD                                                    
0050                         829 828,100-         829 828,100            0,000  
0094                       1 104 958,580-       1 104 958,580            0,000  
0381                       2 219 223,190-       2 219 223,190            0,000  
0463                         141 747,000-         141 747,000            0,000  
0706                       2 344 982,400-       2 344 982,400            0,000  
0835                       9 440 006,400-       9 440 006,400            0,000  
0879                       3 500 000,000-       3 500 000,000            0,000  
                                                                                
                                                                                
W„HRUNGSCODE:       310  INR                                                    
                                                                                
                                                                                
W„HRUNGSCODE:       315  IDR                                                    
                                                                                
                                                                                
W„HRUNGSCODE:       335  JPY                                                    
0003                     300 377 700,000-     300 377 700,000            0,000  
0060                     155 375 641,000-     155 375 641,000            0,000  
0083                      35 080 000,000-      35 080 000,000            0,000  
0251                     348 808 880,000-     348 808 880,000            0,000  
0381                     208 999 440,000-     208 999 440,000            0,000  
0456                     222 794 000,000-     222 794 000,000            0,000  
0463                     578 400 100,000-     578 400 100,000            0,000  
0637                      35 797 467,000-      35 797 467,000            0,000  
0659                      20 000 000,000-      20 000 000,000            0,000  
0748                      11 237 600,000-      11 237 600,000            0,000  
0765                     209 835 300,000-     209 835 300,000            0,000  
0791                     477 599 084,000-     477 599 084,000            0,000  
0823                       9 828 646,000-       9 828 646,000            0,000  
0835                   1 004 852 684,000-   1 004 852 684,000            0,000  
0857                      16 279 000,000-      16 279 000,000            0,000  
0862                      22 000 000,000-      22 000 000,000            0,000  
0879                       2 403 007,000-       2 403 007,000            0,000  
                                                                                
                                                                                
W„HRUNGSCODE:       355  QAR                                                    
                                                                                
                                                                                
W„HRUNGSCODE:       365  KRW                                                    
                                                                                
                                                                                
W„HRUNGSCODE:       370  KWD                                                    
                                                                                
                                                                                
W„HRUNGSCODE:       390  MYR                                                    
0835                         338 665,800-         338 665,800            0,000  
                                                                                
                                                                                
W„HRUNGSCODE:       415  PKR                                                    
                                                                                
                                                                                
W„HRUNGSCODE:       425  SAR                                                    
0747                         225 270,000-         225 270,000            0,000  
0835                         183 280,000-         183 280,000            0,000  
                                                                                
                                                                                
W„HRUNGSCODE:       440  SGD                                                    
0637                         490 000,000-         490 000,000            0,000  
                                                                                
                                                                                
W„HRUNGSCODE:       443  TWD                                                    
                                                                                
                                                                                
W„HRUNGSCODE:       445  THB                                                    
                                                                                
                                                                                
W„HRUNGSCODE:       455  TRL                                                    
                                                                                
                                                                                
W„HRUNGSCODE:       502  CFA                                                    
                                                                                
                                                                                
W„HRUNGSCODE:       509  ETB                                                    
                                                                                
                                                                                
W„HRUNGSCODE:       537  XOF                                                    
                                                                                
                                                                                
W„HRUNGSCODE:       565  XAF                                                    
                                                                                
                                                                                
W„HRUNGSCODE:       569  KES                                                    
                                                                                
                                                                                
W„HRUNGSCODE:       605  MAD                                                    
                                                                                
                                                                                
W„HRUNGSCODE:       609  MRO                                                    
                                                                                
                                                                                
W„HRUNGSCODE:       613  MUR                                                    
                                                                                
                                                                                
W„HRUNGSCODE:       625  NGN                                                    
                                                                                
                                                                                
W„HRUNGSCODE:       641  ZWD                                                    
                                                                                
                                                                                
W„HRUNGSCODE:       649  XOF                                                    
                                                                                
                                                                                
W„HRUNGSCODE:       673  ZAR                                                    
0463                         420 000,000-         420 000,000            0,000  
                                                                                
                                                                                
W„HRUNGSCODE:       685  TZS                                                    
                                                                                
                                                                                
W„HRUNGSCODE:       689  XOF                                                    
                                                                                
                                                                                
W„HRUNGSCODE:       770  CAD                                                    
0003                         300 000,000-         300 000,000            0,000  
0251                       2 840 000,000-       2 840 000,000            0,000  
0425                         800 000,000-         800 000,000            0,000  
0463                         125 000,000-         125 000,000            0,000  
0531                         100 000,000-         100 000,000            0,000  
0671                          36 685,330-          36 685,330            0,000  
0791                          36 000,000-          36 000,000            0,000  
0835                       6 329 833,760-       6 329 833,760            0,000  
0842                          66 667,000-          66 667,000            0,000  
                                                                                
                                                                                
W„HRUNGSCODE:       780  USD                                                    
0003                       1 718 109,600-       1 718 109,600            0,000  
0047                          21 461,000-          21 461,000            0,000  
0050                          49 919,360-          49 919,360            0,000  
0060                      15 266 850,390-      15 266 850,390            0,000  
0083                       1 092 386,490-       1 092 386,490            0,000  
0094                       2 559 507,390-       2 559 507,390            0,000  
0112                         867 966,100-         867 729,290          236,810-*
0144                       2 214 410,880-       2 214 410,880            0,000  
0172                     114 550 742,480-     114 550 742,480            0,000  
0187                         584 262,100-         584 262,100            0,000  
0190                         285 000,000-         285 000,000            0,000  
0199                          18 315,000-          18 315,000            0,000  
0204                           7 750,000-           7 750,000            0,000  
0235                       3 331 905,630-       3 331 905,630            0,000  
0251                     761 818 251,250-     761 818 251,250            0,000  
0254                         686 775,000-         686 775,000            0,000  
0271                          42 449,000-          42 449,000            0,000  
0272                          77 490,000-          77 490,000            0,000  
0323                          25 000,000-          25 000,000            0,000  
0381                          14 955,200-          14 955,200            0,000  
0383                         189 377,000-         189 377,000            0,000  
0384                          10 644,000-          10 644,000            0,000  
0400                      10 620 068,280-      10 620 068,280            0,000  
0419                         229 598,860-         229 598,860            0,000  
0425                      59 765 617,550-      59 765 617,550            0,000  
0441                          28 490,500-          28 490,500            0,000  
0456                      37 646 803,030-      37 923 764,520      276 961,490 *
0463                       1 409 565,470-       1 409 565,470            0,000  
0500                         121 480,180-         121 480,180            0,000  
0503                         111 912,000-         111 912,000            0,000  
0531                       2 487 009,480-       2 487 009,480            0,000  
0556                          50 000,000-          50 000,000            0,000  
0570                         302 781,240-         302 781,240            0,000  
0573                          28 800,000-          28 800,000            0,000  
0580                          12 312,000-          12 312,000            0,000  
0596                          99 410,850-          99 410,850            0,000  
0637                      14 649 832,610-      14 649 832,610            0,000  
0659                          70 800,180-          70 800,180            0,000  
0671                          59 338,960-          59 338,960            0,000  
0674                       2 070 102,250-       2 070 102,250            0,000  
0685                         300 000,000-         300 000,000            0,000  
0706                       3 128 985,830-       3 128 985,830            0,000  
0748                         239 134,500-         239 134,500            0,000  
0750                          80 000,000-          80 000,000            0,000  
0765                         794 332,500-         794 332,500            0,000  
0791                         728 884,660-         728 884,660            0,000  
0814                         471 262,610-         471 262,610            0,000  
0818                         217 500,000-         217 500,000            0,000  
0823                      34 281 775,240-      34 281 775,240            0,000  
0835                     915 957 634,230-     915 930 492,430       27 141,800-*
0837                          51 980,000-          51 980,000            0,000  
0839                         914 345,730-         914 345,730            0,000  
0842                      17 472 960,250-      17 472 960,250            0,000  
0850                          38 226,000-          38 226,000            0,000  
0860                       5 074 263,020-       5 074 263,020            0,000  
0865                          12 964,000-          12 964,000            0,000  
0868                          20 080,000-          20 080,000            0,000  
0879                         444 970,870-         444 970,870            0,000  
                                                                                
                                                                                
W„HRUNGSCODE:       825  GTQ                                                    
                                                                                
                                                                                
W„HRUNGSCODE:       874  ARS                                                    
0463                       5 200 000,000-       5 200 000,000            0,000  
                                                                                
                                                                                
W„HRUNGSCODE:       879  CRUZAD                                                 
                                                                                
                                                                                
W„HRUNGSCODE:       881  CRUZEI                                                 
                                                                                
                                                                                
W„HRUNGSCODE:       887  BRL                                                    
0835                         680 000,000-         680 000,000            0,000  
                                                                                
                                                                                
W„HRUNGSCODE:       893  ECS                                                    
                                                                                
                                                                                
W„HRUNGSCODE:       905  COP                                                    
                                                                                
                                                                                
W„HRUNGSCODE:       923  PEN                                                    
                                                                                
                                                                                
W„HRUNGSCODE:       936  UYU                                                    
                                                                                
                                                                                
W„HRUNGSCODE:       937  VEB                                                    
                                                                                
                                                                                
W„HRUNGSCODE:       945  AUD                                                    
0251                         250 000,000-         250 000,000            0,000  
                                                                                
                                                                                
W„HRUNGSCODE:       965  NZD                                                    
0835                       1 000 000,000-       1 000 000,000            0,000  
                                                                                
                                                                                
W„HRUNGSCODE:       995  XAU                                                    
0172                          29 195,843-          29 195,843            0,000  
                                                                                
                                                                                
W„HRUNGSCODE:       996  XAG                                                    
0172                         134 229,350-         134 229,350            0,000  
