1;1998;718405.2;0;0.0;5;10000.0;54;1000.0;505;100.0;5000;10.0
2;1998;0.0;1;1007471.6;9;10000.0;53;1000.0;459;100.0;4736;10.0
3;1998;0.0;1;266261.0;2;10000.0;29;1000.0;335;100.0;3293;10.0
4;1998;352797.8;0;0.0;5;10000.0;49;1000.0;480;100.0;4957;10.0
5;1998;586334.8;0;0.0;6;10000.0;42;1000.0;405;100.0;3847;10.0
6;1998;0.0;3;331755.9;6;10000.0;51;1000.0;583;100.0;5502;10.0
7;1998;0.0;1;238038.4;4;10000.0;34;1000.0;313;100.0;3176;10.0
8;1998;349521.2;0;0.0;6;10000.0;63;1000.0;557;100.0;5513;10.0
9;1998;576179.8;0;0.0;4;10000.0;40;1000.0;316;100.0;3517;10.0
10;1998;977477.4;0;0.0;5;10000.0;52;1000.0;485;100.0;5270;10.0
11;1998;1230658.2;0;0.0;2;10000.0;37;1000.0;376;100.0;3496;10.0
12;1998;0.0;4;393150.6;6;10000.0;75;1000.0;848;100.0;5501;10.0
13;1998;0.0;1;219024.4;4;10000.0;39;1000.0;374;100.0;3280;10.0
14;1998;0.0;2;185175.6;9;10000.0;63;1000.0;601;100.0;5484;10.0
15;1998;0.0;1;286282.0;2;10000.0;34;1000.0;333;100.0;3680;10.0
16;1998;0.0;1;407863.0;10;10000.0;53;1000.0;591;100.0;5790;10.0
17;1998;0.0;1;222859.0;4;10000.0;35;1000.0;318;100.0;3407;10.0
18;1998;341657.6;0;0.0;5;10000.0;53;1000.0;516;100.0;5048;10.0
19;1998;600202.8;0;0.0;4;10000.0;33;1000.0;333;100.0;3679;10.0
20;1998;0.0;1;978550.2;8;10000.0;50;1000.0;567;100.0;5632;10.0
21;1998;279994.4;0;0.0;8;10000.0;42;1000.0;381;100.0;4192;10.0
22;1998;0.0;1;654836.4;7;10000.0;44;1000.0;511;100.0;5177;10.0
23;1998;0.0;1;237134.2;4;10000.0;39;1000.0;311;100.0;3094;10.0
24;1998;0.0;1;367265.4;3;10000.0;57;1000.0;520;100.0;5097;10.0
25;1998;0.0;1;266039.6;5;10000.0;30;1000.0;396;100.0;3765;10.0
26;1998;0.0;1;432231.8;3;10000.0;47;1000.0;594;100.0;5821;10.0
27;1998;345595.0;0;0.0;4;10000.0;44;1000.0;491;100.0;4956;10.0
28;1998;0.0;1;681304.0;8;10000.0;48;1000.0;492;100.0;4846;10.0
29;1998;0.0;1;288907.0;3;10000.0;36;1000.0;371;100.0;3839;10.0
30;1998;348704.4;0;0.0;4;10000.0;45;1000.0;457;100.0;4387;10.0
31;1998;0.0;1;642784.4;1;10000.0;27;1000.0;310;100.0;3166;10.0
32;1998;0.0;1;293825.4;9;10000.0;81;1000.0;777;100.0;5535;10.0
33;1998;269445.8;0;0.0;6;10000.0;43;1000.0;433;100.0;4159;10.0
34;1998;0.0;2;357623.9;4;10000.0;68;1000.0;624;100.0;6572;10.0
35;1998;241440.0;0;0.0;5;10000.0;26;1000.0;298;100.0;3141;10.0
36;1998;632073.0;0;0.0;2;10000.0;33;1000.0;481;100.0;4464;10.0
37;1998;868947.8;0;0.0;4;10000.0;30;1000.0;302;100.0;3340;10.0
38;1998;1266061.0;0;0.0;2;10000.0;46;1000.0;490;100.0;5006;10.0
39;1998;0.0;1;1529047.4;4;10000.0;41;1000.0;378;100.0;3374;10.0
40;1998;0.0;1;352783.0;6;10000.0;59;1000.0;578;100.0;5516;10.0
41;1998;316795.2;0;0.0;5;10000.0;36;1000.0;429;100.0;4249;10.0
42;1998;0.0;1;663332.4;3;10000.0;47;1000.0;413;100.0;4330;10.0
43;1998;266026.6;0;0.0;2;10000.0;40;1000.0;290;100.0;3100;10.0
44;1998;639281.0;0;0.0;5;10000.0;64;1000.0;455;100.0;4804;10.0
45;1998;817417.2;0;0.0;7;10000.0;41;1000.0;286;100.0;3150;10.0
46;1998;1146809.2;0;0.0;4;10000.0;39;1000.0;413;100.0;4529;10.0
47;1998;1382458.0;0;0.0;3;10000.0;31;1000.0;326;100.0;2971;10.0
48;1998;1688716.4;0;0.0;7;10000.0;58;1000.0;481;100.0;4787;10.0
49;1998;2002031.6;0;0.0;1;10000.0;30;1000.0;388;100.0;3720;10.0
50;1998;0.0;1;2457837.8;1;10000.0;60;1000.0;535;100.0;5567;10.0
51;1998;204642.4;0;0.0;3;10000.0;37;1000.0;301;100.0;3137;10.0
52;1998;543752.6;0;0.0;3;10000.0;48;1000.0;409;100.0;4084;10.0
53;1998;0.0;1;815809.0;1;10000.0;36;1000.0;299;100.0;3261;10.0
54;1998;320241.4;0;0.0;3;10000.0;44;1000.0;421;100.0;4565;10.0
55;1998;592080.6;0;0.0;1;10000.0;27;1000.0;313;100.0;3278;10.0
56;1998;0.0;1;880308.4;5;10000.0;50;1000.0;456;100.0;4809;10.0
57;1998;0.0;1;245148.0;2;10000.0;31;1000.0;317;100.0;3164;10.0
58;1998;0.0;2;160469.4;4;10000.0;48;1000.0;482;100.0;4595;10.0
59;1998;0.0;1;191132.6;5;10000.0;23;1000.0;291;100.0;2862;10.0
60;1998;0.0;1;287193.2;2;10000.0;57;1000.0;417;100.0;4112;10.0
61;1998;201795.6;0;0.0;3;10000.0;30;1000.0;287;100.0;2987;10.0
62;1998;481396.6;0;0.0;5;10000.0;26;1000.0;399;100.0;4135;10.0
63;1998;0.0;1;743380.0;1;10000.0;41;1000.0;356;100.0;3629;10.0
64;1998;0.0;1;367323.8;4;10000.0;46;1000.0;445;100.0;4885;10.0
65;1998;182789.8;0;0.0;6;10000.0;30;1000.0;259;100.0;3001;10.0
66;1998;518897.6;0;0.0;2;10000.0;41;1000.0;455;100.0;4288;10.0
67;1998;0.0;2;364556.2;3;10000.0;32;1000.0;313;100.0;3021;10.0
68;1998;294122.2;0;0.0;6;10000.0;37;1000.0;477;100.0;4479;10.0
69;1998;518879.2;0;0.0;2;10000.0;27;1000.0;293;100.0;2953;10.0
70;1998;872441.2;0;0.0;2;10000.0;36;1000.0;435;100.0;4462;10.0
71;1998;0.0;0;0.0;3;10000.0;42;1000.0;340;100.0;3392;10.0
72;1998;1453246.2;0;0.0;3;10000.0;44;1000.0;448;100.0;4208;10.0
73;1998;1711100.8;0;0.0;1;10000.0;27;1000.0;327;100.0;3627;10.0
74;1998;0.0;1;2052235.2;5;10000.0;61;1000.0;509;100.0;5162;10.0
75;1998;0.0;0;0.0;2;10000.0;20;1000.0;280;100.0;2880;10.0
76;1998;546103.4;0;0.0;5;10000.0;43;1000.0;449;100.0;4189;10.0
77;1998;0.0;1;741793.0;5;10000.0;29;1000.0;297;100.0;2845;10.0
78;1998;311382.2;0;0.0;6;10000.0;33;1000.0;460;100.0;4645;10.0
79;1998;0.0;1;564013.8;4;10000.0;28;1000.0;338;100.0;3326;10.0
80;1998;0.0;1;388359.8;4;10000.0;40;1000.0;499;100.0;4792;10.0
81;1998;231469.2;0;0.0;2;10000.0;31;1000.0;313;100.0;2978;10.0
82;1998;546969.6;0;0.0;5;10000.0;41;1000.0;441;100.0;4166;10.0
83;1998;0.0;1;761001.0;4;10000.0;25;1000.0;323;100.0;3080;10.0
84;1998;0.0;1;305027.2;4;10000.0;45;1000.0;441;100.0;4323;10.0
85;1998;191680.6;0;0.0;4;10000.0;36;1000.0;303;100.0;2879;10.0
86;1998;0.0;1;530594.6;3;10000.0;49;1000.0;430;100.0;4632;10.0
87;1998;0.0;1;205466.2;3;10000.0;40;1000.0;305;100.0;3130;10.0
88;1998;0.0;1;343279.4;1;10000.0;49;1000.0;464;100.0;4468;10.0
89;1998;0.0;2;122973.4;3;10000.0;30;1000.0;316;100.0;3450;10.0
90;1998;338342.0;0;0.0;4;10000.0;41;1000.0;406;100.0;4549;10.0
91;1998;567154.4;0;0.0;4;10000.0;33;1000.0;397;100.0;3674;10.0
92;1998;0.0;1;966750.2;5;10000.0;47;1000.0;536;100.0;5162;10.0
93;1998;211981.4;0;0.0;3;10000.0;36;1000.0;319;100.0;3100;10.0
94;1998;0.0;1;552883.8;2;10000.0;39;1000.0;405;100.0;3976;10.0
95;1998;211927.8;0;0.0;5;10000.0;29;1000.0;332;100.0;3335;10.0
96;1998;539188.6;0;0.0;7;10000.0;46;1000.0;451;100.0;4907;10.0
97;1998;771734.0;0;0.0;3;10000.0;27;1000.0;290;100.0;2723;10.0
98;1998;0.0;1;1111096.8;5;10000.0;44;1000.0;483;100.0;4968;10.0
99;1998;224377.8;0;0.0;7;10000.0;37;1000.0;412;100.0;3765;10.0
100;1998;0.0;2;326738.1;3;10000.0;59;1000.0;553;100.0;5286;10.0
101;1998;252201.4;0;0.0;0;10000.0;38;1000.0;307;100.0;3188;10.0
102;1998;588975.0;0;0.0;5;10000.0;50;1000.0;416;100.0;4529;10.0
103;1998;822112.0;0;0.0;4;10000.0;45;1000.0;338;100.0;3115;10.0
104;1998;0.0;1;1100587.2;5;10000.0;25;1000.0;363;100.0;3675;10.0
105;1998;0.0;2;122087.1;3;10000.0;37;1000.0;339;100.0;3698;10.0
106;1998;0.0;2;113875.7;10;10000.0;32;1000.0;432;100.0;3927;10.0
1;1999;0.0;1;194526.0;6;10000.0;30;1000.0;310;100.0;3103;10.0
2;1999;282914.0;0;0.0;9;10000.0;49;1000.0;438;100.0;4764;10.0
3;1999;0.0;1;562558.4;1;10000.0;45;1000.0;428;100.0;4303;10.0
4;1999;322772.4;0;0.0;4;10000.0;41;1000.0;405;100.0;4338;10.0
5;1999;560347.2;0;0.0;1;10000.0;33;1000.0;355;100.0;3262;10.0
6;1999;0.0;2;431539.9;6;10000.0;40;1000.0;440;100.0;4184;10.0
7;1999;232099.0;0;0.0;5;10000.0;28;1000.0;374;100.0;3673;10.0
8;1999;638225.6;0;0.0;1;10000.0;53;1000.0;496;100.0;5007;10.0
9;1999;880203.2;0;0.0;4;10000.0;21;1000.0;301;100.0;3146;10.0
10;1999;0.0;1;1200313.6;6;10000.0;42;1000.0;491;100.0;4668;10.0
11;1999;0.0;1;235032.2;3;10000.0;37;1000.0;360;100.0;3438;10.0
12;1999;325423.8;0;0.0;3;10000.0;45;1000.0;460;100.0;4288;10.0
13;1999;564420.8;0;0.0;4;10000.0;39;1000.0;376;100.0;3631;10.0
14;1999;0.0;1;889145.0;2;10000.0;55;1000.0;458;100.0;4508;10.0
15;1999;200782.0;0;0.0;4;10000.0;36;1000.0;325;100.0;3105;10.0
16;1999;0.0;2;259550.4;5;10000.0;44;1000.0;440;100.0;3990;10.0
17;1999;0.0;1;250801.8;3;10000.0;41;1000.0;309;100.0;3137;10.0
18;1999;0.0;1;276841.6;7;10000.0;59;1000.0;473;100.0;4757;10.0
19;1999;236786.8;0;0.0;2;10000.0;32;1000.0;304;100.0;3198;10.0
20;1999;577504.6;0;0.0;3;10000.0;50;1000.0;442;100.0;4271;10.0
21;1999;0.0;1;785913.0;5;10000.0;28;1000.0;275;100.0;3084;10.0
22;1999;288645.2;0;0.0;6;10000.0;37;1000.0;421;100.0;4560;10.0
23;1999;528173.0;0;0.0;1;10000.0;26;1000.0;290;100.0;2884;10.0
24;1999;833011.0;0;0.0;5;10000.0;61;1000.0;455;100.0;4364;10.0
25;1999;1056720.8;0;0.0;3;10000.0;33;1000.0;335;100.0;2925;10.0
26;1999;0.0;1;1343432.6;8;10000.0;36;1000.0;466;100.0;4400;10.0
27;1999;247524.0;0;0.0;2;10000.0;38;1000.0;331;100.0;3509;10.0
28;1999;0.0;2;269899.5;5;10000.0;40;1000.0;430;100.0;4598;10.0
29;1999;0.0;1;230357.8;2;10000.0;26;1000.0;288;100.0;2999;10.0
30;1999;362324.0;0;0.0;1;10000.0;39;1000.0;479;100.0;4326;10.0
31;1999;0.0;1;591359.0;6;10000.0;51;1000.0;335;100.0;4027;10.0
32;1999;410813.2;0;0.0;6;10000.0;46;1000.0;482;100.0;5165;10.0
33;1999;642314.8;0;0.0;2;10000.0;31;1000.0;328;100.0;3251;10.0
34;1999;0.0;1;954264.4;3;10000.0;42;1000.0;443;100.0;3963;10.0
35;1999;221973.4;0;0.0;2;10000.0;34;1000.0;275;100.0;2957;10.0
36;1999;0.0;1;507727.0;8;10000.0;41;1000.0;467;100.0;4965;10.0
37;1999;283856.2;0;0.0;2;10000.0;29;1000.0;375;100.0;3283;10.0
38;1999;0.0;1;643384.4;5;10000.0;56;1000.0;514;100.0;5078;10.0
39;1999;264714.8;0;0.0;10;10000.0;56;1000.0;496;100.0;4939;10.0
40;1999;0.0;2;285546.2;5;10000.0;46;1000.0;395;100.0;4224;10.0
41;1999;189686.2;0;0.0;3;10000.0;46;1000.0;294;100.0;2956;10.0
42;1999;459934.2;0;0.0;5;10000.0;69;1000.0;452;100.0;4459;10.0
43;1999;705320.0;0;0.0;0;0.0;26;1000.0;321;100.0;3019;10.0
44;1999;1028142.4;0;0.0;2;10000.0;57;1000.0;462;100.0;4577;10.0
45;1999;1301116.2;0;0.0;4;10000.0;32;1000.0;338;100.0;3497;10.0
46;1999;1740912.2;0;0.0;1;10000.0;32;1000.0;547;100.0;5400;10.0
47;1999;2017783.8;0;0.0;1;10000.0;23;1000.0;320;100.0;3063;10.0
48;1999;2366677.4;0;0.0;4;10000.0;52;1000.0;474;100.0;4852;10.0
49;1999;2670489.0;0;0.0;5;10000.0;33;1000.0;440;100.0;4504;10.0
50;1999;3120514.2;0;0.0;8;10000.0;57;1000.0;672;100.0;6762;10.0
51;1999;0.0;2;1846595.7;6;10000.0;93;1000.0;747;100.0;8081;10.0
52;1999;0.0;1;676419.4;8;10000.0;87;1000.0;875;100.0;8917;10.0
53;1999;0.0;2;426076.2;14;10000.0;109;1000.0;1173;100.0;11970;10.0
54;1999;0.0;1;1230525.6;22;10000.0;177;1000.0;1839;100.0;18418;10.0
55;1999;0.0;1;322800.6;4;10000.0;51;1000.0;446;100.0;4535;10.0
56;1999;0.0;2;210402.9;4;10000.0;56;1000.0;456;100.0;5223;10.0
57;1999;243404.6;0;0.0;5;10000.0;38;1000.0;396;100.0;3888;10.0
58;1999;594475.8;0;0.0;7;10000.0;49;1000.0;488;100.0;4830;10.0
59;1999;0.0;1;916743.2;3;10000.0;41;1000.0;430;100.0;4348;10.0
60;1999;0.0;3;135375.0;5;10000.0;61;1000.0;562;100.0;5744;10.0
61;1999;259778.8;0;0.0;2;10000.0;38;1000.0;304;100.0;3232;10.0
62;1999;0.0;1;592048.6;6;10000.0;45;1000.0;473;100.0;4421;10.0
63;1999;0.0;2;145037.9;3;10000.0;43;1000.0;391;100.0;4052;10.0
64;1999;357999.2;0;0.0;3;10000.0;39;1000.0;431;100.0;4491;10.0
65;1999;619358.8;0;0.0;2;10000.0;42;1000.0;369;100.0;3719;10.0
66;1999;968942.2;0;0.0;7;10000.0;49;1000.0;491;100.0;5076;10.0
67;1999;1316194.8;0;0.0;3;10000.0;37;1000.0;368;100.0;4069;10.0
68;1999;1768232.0;0;0.0;5;10000.0;66;1000.0;609;100.0;6369;10.0
69;1999;2053002.2;0;0.0;2;10000.0;33;1000.0;388;100.0;3741;10.0
70;1999;2407547.6;0;0.0;7;10000.0;45;1000.0;488;100.0;4823;10.0
71;1999;0.0;1;2709250.2;4;10000.0;48;1000.0;402;100.0;4242;10.0
72;1999;394539.8;0;0.0;3;10000.0;53;1000.0;487;100.0;5183;10.0
73;1999;0.0;1;719490.0;5;10000.0;32;1000.0;463;100.0;4613;10.0
74;1999;0.0;1;416891.8;8;10000.0;64;1000.0;608;100.0;6109;10.0
75;1999;262735.4;0;0.0;1;10000.0;37;1000.0;327;100.0;3073;10.0
76;1999;639233.2;0;0.0;1;10000.0;47;1000.0;540;100.0;4753;10.0
77;1999;935352.0;0;0.0;3;10000.0;45;1000.0;420;100.0;3943;10.0
78;1999;1263661.6;0;0.0;5;10000.0;46;1000.0;511;100.0;4955;10.0
79;1999;1541503.4;0;0.0;1;10000.0;32;1000.0;317;100.0;3381;10.0
80;1999;1890493.2;0;0.0;6;10000.0;50;1000.0;496;100.0;5074;10.0
81;1999;2183706.0;0;0.0;4;10000.0;57;1000.0;440;100.0;4450;10.0
82;1999;2544460.0;0;0.0;5;10000.0;41;1000.0;475;100.0;5249;10.0
83;1999;2873199.0;0;0.0;0;0.0;44;1000.0;391;100.0;4180;10.0
84;1999;3295080.8;0;0.0;8;10000.0;53;1000.0;587;100.0;6043;10.0
85;1999;3594020.0;0;0.0;5;10000.0;42;1000.0;453;100.0;4279;10.0
86;1999;0.0;1;4053846.0;6;10000.0;72;1000.0;662;100.0;6854;10.0
87;1999;249034.2;0;0.0;2;10000.0;35;1000.0;332;100.0;3345;10.0
88;1999;602772.4;0;0.0;5;10000.0;47;1000.0;495;100.0;4767;10.0
89;1999;0.0;1;899093.0;1;10000.0;40;1000.0;395;100.0;3790;10.0
90;1999;0.0;1;369988.8;3;10000.0;69;1000.0;618;100.0;5485;10.0
91;1999;312034.4;0;0.0;5;10000.0;42;1000.0;482;100.0;4454;10.0
92;1999;0.0;1;629365.0;6;10000.0;35;1000.0;468;100.0;4447;10.0
93;1999;262417.8;0;0.0;3;10000.0;24;1000.0;357;100.0;3617;10.0
94;1999;0.0;1;590722.2;4;10000.0;44;1000.0;449;100.0;4410;10.0
95;1999;0.0;1;195118.8;6;10000.0;35;1000.0;349;100.0;3380;10.0
96;1999;0.0;2;169044.2;4;10000.0;45;1000.0;434;100.0;4883;10.0
97;1999;0.0;1;235557.2;3;10000.0;32;1000.0;270;100.0;2953;10.0
98;1999;299751.2;0;0.0;6;10000.0;38;1000.0;406;100.0;4354;10.0
99;1999;519375.4;0;0.0;4;10000.0;27;1000.0;337;100.0;3086;10.0
100;1999;884055.4;0;0.0;0;10000.0;55;1000.0;427;100.0;4468;10.0
101;1999;1131000.8;0;0.0;7;10000.0;40;1000.0;386;100.0;4075;10.0
102;1999;0.0;2;740396.5;5;10000.0;42;1000.0;458;100.0;4627;10.0
103;1999;0.0;2;160821.9;4;10000.0;50;1000.0;508;100.0;4697;10.0
104;1999;401107.0;0;0.0;6;10000.0;51;1000.0;510;100.0;5703;10.0
1;2000;619877.2;0;0.0;5;10000.0;40;1000.0;325;100.0;3399;10.0
2;2000;901532.8;0;0.0;8;10000.0;42;1000.0;440;100.0;4572;10.0
3;2000;0.0;1;1162468.0;3;10000.0;22;1000.0;353;100.0;3305;10.0
4;2000;0.0;1;339855.8;4;10000.0;42;1000.0;466;100.0;4683;10.0
5;2000;312266.8;0;0.0;1;10000.0;33;1000.0;403;100.0;4184;10.0
6;2000;668645.4;0;0.0;11;10000.0;44;1000.0;550;100.0;5487;10.0
7;2000;0.0;1;1065652.8;6;10000.0;60;1000.0;541;100.0;5465;10.0
8;2000;329224.0;0;0.0;4;10000.0;49;1000.0;534;100.0;5133;10.0
9;2000;0.0;1;641900.0;2;10000.0;24;1000.0;370;100.0;3613;10.0
10;2000;0.0;1;340278.2;8;10000.0;61;1000.0;569;100.0;5490;10.0
11;2000;0.0;0;270800.6;1;10000.0;30;1000.0;367;100.0;3384;10.0
12;2000;606130.4;0;0.0;7;10000.0;46;1000.0;460;100.0;5053;10.0
13;2000;836846.6;0;0.0;5;10000.0;32;1000.0;336;100.0;3066;10.0
14;2000;0.0;1;932485.4;5;10000.0;48;1000.0;450;100.0;4211;10.0
15;2000;249617.0;0;0.0;4;10000.0;30;1000.0;365;100.0;3621;10.0
16;2000;619153.6;0;0.0;6;10000.0;43;1000.0;498;100.0;5065;10.0
17;2000;959305.0;0;0.0;3;10000.0;45;1000.0;455;100.0;4370;10.0
18;2000;1419037.6;0;0.0;6;10000.0;63;1000.0;603;100.0;6305;10.0
19;2000;1638466.4;0;0.0;8;10000.0;34;1000.0;360;100.0;3599;10.0
20;2000;0.0;1;1998717.0;2;10000.0;68;1000.0;595;100.0;6101;10.0
21;2000;221886.8;0;0.0;5;10000.0;34;1000.0;309;100.0;3163;10.0
22;2000;570151.0;0;0.0;5;10000.0;40;1000.0;469;100.0;4950;10.0
23;2000;0.0;1;809294.0;2;10000.0;36;1000.0;346;100.0;3210;10.0
24;2000;0.0;2;156241.6;5;10000.0;46;1000.0;426;100.0;4105;10.0
25;2000;0.0;1;229445.8;4;10000.0;30;1000.0;294;100.0;3067;10.0
26;2000;0.0;1;246793.4;11;10000.0;51;1000.0;448;100.0;4147;10.0
27;2000;0.0;1;235963.8;5;10000.0;31;1000.0;374;100.0;3605;10.0
28;2000;0.0;1;337497.6;2;10000.0;42;1000.0;412;100.0;4505;10.0
29;2000;0.0;3;83853.3;3;10000.0;33;1000.0;335;100.0;3452;10.0
30;2000;358464.8;0;0.0;4;10000.0;48;1000.0;496;100.0;4718;10.0
31;2000;597531.6;0;0.0;1;10000.0;45;1000.0;317;100.0;3223;10.0
32;2000;0.0;2;467794.0;2;10000.0;33;1000.0;422;100.0;4339;10.0
34;2000;256023.6;0;0.0;9;10000.0;41;1000.0;411;100.0;4421;10.0
35;2000;498139.0;0;0.0;4;10000.0;27;1000.0;314;100.0;3218;10.0
36;2000;869343.2;0;0.0;4;10000.0;48;1000.0;490;100.0;4792;10.0
37;2000;1218141.4;0;0.0;1;10000.0;53;1000.0;465;100.0;4565;10.0
38;2000;1680683.6;0;0.0;8;10000.0;76;1000.0;708;100.0;6642;10.0
39;2000;2259630.2;0;0.0;7;10000.0;99;1000.0;815;100.0;8206;10.0
40;2000;2617751.2;0;0.0;7;10000.0;63;1000.0;546;100.0;5664;10.0
41;2000;2934447.6;0;0.0;5;10000.0;41;1000.0;451;100.0;4416;10.0
42;2000;0.0;1;3340872.2;5;10000.0;52;1000.0;582;100.0;5967;10.0
43;2000;0.0;1;252741.6;6;10000.0;43;1000.0;348;100.0;3729;10.0
44;2000;319655.4;0;0.0;6;10000.0;52;1000.0;477;100.0;4923;10.0
45;2000;0.0;1;596529.8;0;10000.0;32;1000.0;336;100.0;3009;10.0
46;2000;0.0;1;347457.4;3;10000.0;43;1000.0;451;100.0;4770;10.0
47;2000;0.0;1;207837.4;4;10000.0;33;1000.0;308;100.0;3357;10.0
48;2000;0.0;1;286618.4;2;10000.0;64;1000.0;474;100.0;4507;10.0
49;2000;232573.2;0;0.0;3;10000.0;27;1000.0;346;100.0;3238;10.0
50;2000;539476.4;0;0.0;2;10000.0;42;1000.0;454;100.0;4511;10.0
51;2000;760076.0;0;0.0;3;10000.0;34;1000.0;323;100.0;3227;10.0
52;2000;0.0;2;552952.5;1;10000.0;35;1000.0;394;100.0;4368;10.0
53;2000;262765.8;0;0.0;1;10000.0;22;1000.0;355;100.0;3323;10.0
54;2000;571929.2;0;0.0;5;10000.0;34;1000.0;393;100.0;4001;10.0
55;2000;807059.6;0;0.0;4;10000.0;38;1000.0;334;100.0;3597;10.0
56;2000;0.0;1;1174778.0;5;10000.0;50;1000.0;471;100.0;4546;10.0
57;2000;323372.6;0;0.0;1;10000.0;41;1000.0;436;100.0;4299;10.0
58;2000;635131.8;0;0.0;3;10000.0;40;1000.0;420;100.0;4246;10.0
59;2000;843974.6;0;0.0;5;10000.0;44;1000.0;391;100.0;3731;10.0
60;2000;0.0;2;599700.0;3;10000.0;54;1000.0;520;100.0;4684;10.0
61;2000;0.0;1;237411.3;5;10000.0;48;1000.0;355;100.0;3717;10.0
62;2000;0.0;2;183336.1;5;10000.0;63;1000.0;543;100.0;5471;10.0
63;2000;0.0;1;346369.2;8;10000.0;48;1000.0;477;100.0;4875;10.0
64;2000;490347.4;0;0.0;7;10000.0;70;1000.0;728;100.0;7273;10.0
65;2000;730882.4;0;0.0;4;10000.0;29;1000.0;318;100.0;3384;10.0
66;2000;1016060.0;0;0.0;7;10000.0;47;1000.0;389;100.0;4369;10.0
67;2000;1260369.6;0;0.0;4;10000.0;50;1000.0;374;100.0;3849;10.0
68;2000;0.0;1;1561778.0;6;10000.0;55;1000.0;446;100.0;4280;10.0
69;2000;294604.0;0;0.0;1;10000.0;31;1000.0;313;100.0;3350;10.0
70;2000;0.0;4;156667.7;3;10000.0;36;1000.0;444;100.0;4585;10.0
71;2000;0.0;1;259466.6;2;10000.0;37;1000.0;407;100.0;3580;10.0
72;2000;0.0;1;361200.0;3;10000.0;57;1000.0;493;100.0;5291;10.0
73;2000;192630.0;0;0.0;7;10000.0;32;1000.0;332;100.0;3139;10.0
74;2000;552359.4;0;0.0;1;10000.0;39;1000.0;432;100.0;4306;10.0
75;2000;842608.0;0;0.0;1;10000.0;36;1000.0;384;100.0;3526;10.0
76;2000;0.0;1;1222370.0;7;10000.0;40;1000.0;484;100.0;4947;10.0
77;2000;237855.6;0;0.0;3;10000.0;31;1000.0;294;100.0;2909;10.0
78;2000;506737.2;0;0.0;8;10000.0;39;1000.0;459;100.0;4521;10.0
79;2000;759958.4;0;0.0;1;10000.0;28;1000.0;344;100.0;3331;10.0
80;2000;1115407.8;0;0.0;4;10000.0;31;1000.0;429;100.0;4794;10.0
81;2000;0.0;1;1351735.0;7;10000.0;45;1000.0;386;100.0;3935;10.0
82;2000;367643.4;0;0.0;6;10000.0;67;1000.0;584;100.0;5276;10.0
83;2000;569639.6;0;0.0;5;10000.0;46;1000.0;294;100.0;3109;10.0
84;2000;835602.8;0;0.0;8;10000.0;47;1000.0;400;100.0;4099;10.0
85;2000;0.0;1;1083832.4;2;10000.0;31;1000.0;289;100.0;3084;10.0
86;2000;302846.0;0;0.0;5;10000.0;35;1000.0;440;100.0;4097;10.0
87;2000;519889.8;0;0.0;2;10000.0;43;1000.0;325;100.0;3204;10.0
88;2000;828896.0;0;0.0;5;10000.0;56;1000.0;533;100.0;4910;10.0
89;2000;1098078.6;0;0.0;3;10000.0;46;1000.0;444;100.0;4004;10.0
90;2000;1532540.0;0;0.0;3;10000.0;43;1000.0;563;100.0;5554;10.0
91;2000;1773574.0;0;0.0;2;10000.0;45;1000.0;407;100.0;3681;10.0
92;2000;2121585.4;0;0.0;3;10000.0;53;1000.0;461;100.0;4576;10.0
93;2000;2350242.6;0;0.0;9;10000.0;39;1000.0;434;100.0;4317;10.0
94;2000;2778189.6;0;0.0;7;10000.0;44;1000.0;616;100.0;6013;10.0
95;2000;3246530.8;0;0.0;4;10000.0;56;1000.0;535;100.0;5999;10.0
96;2000;0.0;1;3665507.8;4;10000.0;66;1000.0;570;100.0;5699;10.0
97;2000;214197.4;0;0.0;6;10000.0;37;1000.0;329;100.0;3096;10.0
98;2000;0.0;1;541834.8;4;10000.0;40;1000.0;442;100.0;4491;10.0
99;2000;0.0;1;225043.0;3;10000.0;40;1000.0;360;100.0;3531;10.0
100;2000;0.0;1;283468.4;6;10000.0;46;1000.0;432;100.0;4478;10.0
101;2000;0.0;1;229446.8;3;10000.0;31;1000.0;352;100.0;3419;10.0
102;2000;343728.6;0;0.0;3;10000.0;44;1000.0;510;100.0;4660;10.0
103;2000;0.0;1;600880.2;3;10000.0;27;1000.0;362;100.0;3559;10.0
104;2000;404204.4;0;0.0;4;10000.0;46;1000.0;484;100.0;5084;10.0
1;2001;627602.8;0;0.0;3;10000.0;29;1000.0;324;100.0;3112;10.0
2;2001;913130.4;0;0.0;7;10000.0;62;1000.0;476;100.0;4782;10.0
3;2001;1178606.6;0;0.0;8;10000.0;21;1000.0;382;100.0;4218;10.0
4;2001;1567684.4;0;0.0;6;10000.0;61;1000.0;580;100.0;5964;10.0
5;2001;1932276.0;0;0.0;4;10000.0;73;1000.0;508;100.0;4987;10.0
6;2001;2267788.4;0;0.0;8;10000.0;49;1000.0;533;100.0;5103;10.0
7;2001;2603957.8;0;0.0;2;10000.0;44;1000.0;411;100.0;4596;10.0
8;2001;0.0;1;3015737.2;7;10000.0;38;1000.0;513;100.0;5169;10.0
9;2001;257177.2;0;0.0;5;10000.0;36;1000.0;402;100.0;3981;10.0
10;2001;615984.8;0;0.0;8;10000.0;46;1000.0;532;100.0;5301;10.0
11;2001;853971.0;0;0.0;5;10000.0;41;1000.0;371;100.0;3632;10.0
12;2001;1213561.0;0;0.0;5;10000.0;58;1000.0;562;100.0;5515;10.0
13;2001;1525833.8;0;0.0;3;10000.0;52;1000.0;455;100.0;4101;10.0
14;2001;0.0;1;1970691.6;5;10000.0;68;1000.0;604;100.0;6158;10.0
15;2001;0.0;1;242395.4;3;10000.0;41;1000.0;331;100.0;3477;10.0
16;2001;300922.0;0;0.0;9;10000.0;54;1000.0;513;100.0;5034;10.0
17;2001;556482.4;0;0.0;2;10000.0;41;1000.0;318;100.0;3532;10.0
18;2001;880423.4;0;0.0;6;10000.0;50;1000.0;500;100.0;5104;10.0
19;2001;0.0;1;1134112.0;3;10000.0;32;1000.0;349;100.0;3662;10.0
20;2001;0.0;1;383833.2;1;10000.0;41;1000.0;556;100.0;4830;10.0
21;2001;234785.8;0;0.0;3;10000.0;38;1000.0;314;100.0;3376;10.0
22;2001;552203.4;0;0.0;6;10000.0;48;1000.0;506;100.0;5092;10.0
23;2001;758945.4;0;0.0;4;10000.0;43;1000.0;392;100.0;3581;10.0
24;2001;0.0;1;1117469.4;5;10000.0;43;1000.0;462;100.0;4804;10.0
25;2001;295854.4;0;0.0;4;10000.0;54;1000.0;412;100.0;4273;10.0
26;2001;655002.6;0;0.0;5;10000.0;55;1000.0;566;100.0;5518;10.0
27;2001;881966.4;0;0.0;5;10000.0;28;1000.0;372;100.0;3346;10.0
28;2001;1193717.6;0;0.0;6;10000.0;46;1000.0;479;100.0;4843;10.0
29;2001;0.0;1;1464903.6;2;10000.0;39;1000.0;336;100.0;3207;10.0
30;2001;309671.8;0;0.0;4;10000.0;39;1000.0;452;100.0;4456;10.0
31;2001;0.0;1;525931.6;4;10000.0;27;1000.0;282;100.0;3082;10.0
32;2001;246687.2;0;0.0;9;10000.0;51;1000.0;393;100.0;4191;10.0
33;2001;0.0;0;0.0;2;10000.0;36;1000.0;387;100.0;3912;10.0
34;2001;779817.0;0;0.0;4;10000.0;38;1000.0;422;100.0;4410;10.0
35;2001;1005375.8;0;0.0;3;10000.0;39;1000.0;308;100.0;3051;10.0
36;2001;0.0;2;692272.6;1;10000.0;41;1000.0;505;100.0;4829;10.0
37;2001;0.0;1;247869.2;0;10000.0;36;1000.0;337;100.0;3230;10.0
38;2001;315501.0;0;0.0;2;10000.0;39;1000.0;384;100.0;3995;10.0
39;2001;0.0;2;263105.3;3;10000.0;37;1000.0;299;100.0;2946;10.0
40;2001;266447.4;0;0.0;4;10000.0;52;1000.0;451;100.0;4161;10.0
41;2001;489514.4;0;0.0;2;10000.0;32;1000.0;305;100.0;3066;10.0
42;2001;0.0;2;405706.7;3;10000.0;30;1000.0;397;100.0;3673;10.0
43;2001;215924.4;0;0.0;2;10000.0;34;1000.0;273;100.0;2899;10.0
44;2001;0.0;1;519875.4;4;10000.0;44;1000.0;467;100.0;4449;10.0
45;2001;0.0;1;213031.0;3;10000.0;28;1000.0;271;100.0;2752;10.0
46;2001;349121.0;0;0.0;1;10000.0;24;1000.0;409;100.0;4586;10.0
47;2001;623535.0;0;0.0;2;10000.0;32;1000.0;324;100.0;3437;10.0
48;2001;0.0;1;997337.8;4;10000.0;43;1000.0;510;100.0;5163;10.0
49;2001;0.0;1;314640.0;5;10000.0;50;1000.0;478;100.0;5031;10.0
50;2001;0.0;1;429815.4;8;10000.0;65;1000.0;607;100.0;6067;10.0
51;2001;0.0;1;504124.8;6;10000.0;69;1000.0;714;100.0;6876;10.0
52;2001;343597.4;0;0.0;1;10000.0;55;1000.0;438;100.0;4709;10.0
53;2001;603311.4;0;0.0;3;10000.0;38;1000.0;414;100.0;3795;10.0
54;2001;976724.8;0;0.0;3;10000.0;49;1000.0;531;100.0;5185;10.0
55;2001;0.0;1;1344035.0;2;10000.0;65;1000.0;536;100.0;4900;10.0
56;2001;0.0;1;288112.0;7;10000.0;49;1000.0;434;100.0;4224;10.0
57;2001;0.0;1;240603.4;4;10000.0;42;1000.0;409;100.0;3322;10.0
58;2001;346099.8;0;0.0;3;10000.0;49;1000.0;475;100.0;4544;10.0
59;2001;553213.4;0;0.0;5;10000.0;34;1000.0;305;100.0;3128;10.0
60;2001;822658.8;0;0.0;6;10000.0;34;1000.0;406;100.0;3767;10.0
61;2001;1032527.8;0;0.0;3;10000.0;30;1000.0;279;100.0;2593;10.0
62;2001;1283184.4;0;0.0;9;10000.0;48;1000.0;477;100.0;4583;10.0
63;2001;0.0;2;745889.5;6;10000.0;33;1000.0;355;100.0;3276;10.0
64;2001;0.0;1;307336.6;2;10000.0;36;1000.0;387;100.0;4206;10.0
65;2001;0.0;3;84474.9;1;10000.0;30;1000.0;300;100.0;3162;10.0
66;2001;268594.8;0;0.0;5;10000.0;40;1000.0;400;100.0;4416;10.0
67;2001;0.0;1;473261.8;3;10000.0;35;1000.0;336;100.0;3235;10.0
68;2001;311948.6;0;0.0;3;10000.0;38;1000.0;423;100.0;4248;10.0
69;2001;0.0;1;509914.8;5;10000.0;48;1000.0;475;100.0;4440;10.0
70;2001;0.0;2;174199.3;3;10000.0;69;1000.0;541;100.0;4917;10.0
71;2001;0.0;1;338832.4;2;10000.0;61;1000.0;508;100.0;5201;10.0
72;2001;276036.4;0;0.0;7;10000.0;46;1000.0;427;100.0;4208;10.0
73;2001;484539.2;0;0.0;3;10000.0;38;1000.0;341;100.0;3439;10.0
74;2001;804515.6;0;0.0;3;10000.0;46;1000.0;396;100.0;4148;10.0
75;2001;1050671.8;0;0.0;2;10000.0;30;1000.0;280;100.0;2922;10.0
76;2001;1367774.6;0;0.0;5;10000.0;29;1000.0;386;100.0;3686;10.0
77;2001;1620574.4;0;0.0;5;10000.0;27;1000.0;363;100.0;3391;10.0
78;2001;1942736.8;0;0.0;3;10000.0;53;1000.0;480;100.0;4632;10.0
79;2001;2194727.2;0;0.0;6;10000.0;39;1000.0;403;100.0;3910;10.0
80;2001;2563940.6;0;0.0;9;10000.0;53;1000.0;533;100.0;5208;10.0
81;2001;0.0;1;2962120.8;4;10000.0;53;1000.0;497;100.0;5444;10.0
82;2001;0.0;2;167370.9;4;10000.0;32;1000.0;388;100.0;4325;10.0
83;2001;211768.4;0;0.0;7;10000.0;32;1000.0;378;100.0;3471;10.0
84;2001;460868.4;0;0.0;10;10000.0;45;1000.0;418;100.0;4712;10.0
85;2001;669261.0;0;0.0;6;10000.0;25;1000.0;317;100.0;3034;10.0
86;2001;961376.6;0;0.0;5;10000.0;58;1000.0;414;100.0;4300;10.0
87;2001;1253434.6;0;0.0;1;10000.0;28;1000.0;323;100.0;3673;10.0
88;2001;961376.6;0;0.0;4;10000.0;39;1000.0;471;100.0;4881;10.0
89;2001;1828587.0;0;0.0;5;10000.0;44;1000.0;336;100.0;3468;10.0
90;2001;2208912.4;0;0.0;3;10000.0;60;1000.0;495;100.0;4715;10.0
91;2001;2509167.2;0;0.0;8;10000.0;44;1000.0;435;100.0;4499;10.0
92;2001;2958658.8;0;0.0;7;10000.0;70;1000.0;708;100.0;6892;10.0
93;2001;0.0;1;3251311.2;3;10000.0;38;1000.0;412;100.0;4049;10.0
94;2001;0.0;1;329811.4;6;10000.0;31;1000.0;414;100.0;4291;10.0
95;2001;214365.6;0;0.0;7;10000.0;40;1000.0;383;100.0;3682;10.0
96;2001;586538.6;0;0.0;2;10000.0;58;1000.0;532;100.0;5098;10.0
97;2001;423758.4;0;0.0;1;10000.0;21;1000.0;213;100.0;1885;10.0
98;2001;0.0;1;1411202.0;3;10000.0;71;1000.0;575;100.0;5994;10.0
99;2001;0.0;1;195033.4;8;10000.0;31;1000.0;334;100.0;3234;10.0
100;2001;254527.4;0;0.0;9;10000.0;32;1000.0;442;100.0;3720;10.0
101;2001;499723.0;0;0.0;2;10000.0;32;1000.0;285;100.0;3193;10.0
102;2001;789272.4;0;0.0;4;10000.0;39;1000.0;466;100.0;4384;10.0
103;2001;996192.0;0;0.0;1;10000.0;32;1000.0;320;100.0;3059;10.0
104;2001;1309681.2;0;0.0;5;10000.0;42;1000.0;426;100.0;4371;10.0
1;2002;1580618.8;0;0.0;1;10000.0;30;1000.0;382;100.0;3184;10.0
2;2002;1921994.0;0;0.0;5;10000.0;54;1000.0;543;100.0;5372;10.0
3;2002;2205430.8;0;0.0;1;10000.0;33;1000.0;396;100.0;3726;10.0
4;2002;2564452.6;0;0.0;4;10000.0;57;1000.0;482;100.0;5028;10.0
5;2002;2802381.8;0;0.0;6;10000.0;53;1000.0;399;100.0;4181;10.0
6;2002;3158570.8;0;0.0;6;10000.0;49;1000.0;554;100.0;5236;10.0
7;2002;3479201.6;0;0.0;5;10000.0;33;1000.0;353;100.0;4245;10.0
8;2002;0.0;1;3932803.8;5;10000.0;56;1000.0;563;100.0;5959;10.0
9;2002;282752.6;0;0.0;4;10000.0;47;1000.0;386;100.0;4130;10.0
10;2002;660648.2;0;0.0;5;10000.0;52;1000.0;484;100.0;5046;10.0
11;2002;0.0;1;908575.2;3;10000.0;35;1000.0;345;100.0;3191;10.0
12;2002;275458.0;0;0.0;8;10000.0;47;1000.0;491;100.0;4574;10.0
13;2002;524422.6;0;0.0;1;10000.0;36;1000.0;328;100.0;3252;10.0
14;2002;0.0;1;822752.8;3;10000.0;49;1000.0;439;100.0;4562;10.0
15;2002;250152.0;0;0.0;2;10000.0;30;1000.0;300;100.0;3133;10.0
16;2002;0.0;1;551846.2;3;10000.0;47;1000.0;409;100.0;4129;10.0
17;2002;264151.2;0;0.0;1;10000.0;27;1000.0;373;100.0;3663;10.0
18;2002;558466.0;0;0.0;4;10000.0;45;1000.0;451;100.0;4096;10.0
19;2002;797058.0;0;0.0;3;10000.0;37;1000.0;373;100.0;3572;10.0
20;2002;0.0;1;1140923.8;4;10000.0;43;1000.0;484;100.0;4679;10.0
21;2002;276456.6;0;0.0;3;10000.0;46;1000.0;362;100.0;3781;10.0
22;2002;563980.2;0;0.0;3;10000.0;51;1000.0;424;100.0;4099;10.0
23;2002;0.0;1;804086.2;4;10000.0;26;1000.0;277;100.0;3197;10.0
24;2002;311629.8;0;0.0;3;10000.0;51;1000.0;489;100.0;4693;10.0
25;2002;584438.0;0;0.0;5;10000.0;40;1000.0;365;100.0;3714;10.0
26;2002;0.0;1;980420.4;3;10000.0;49;1000.0;524;100.0;5326;10.0
27;2002;0.0;1;366471.4;3;10000.0;67;1000.0;546;100.0;5746;10.0
28;2002;0.0;2;136938.2;7;10000.0;33;1000.0;424;100.0;4302;10.0
29;2002;250805.0;0;0.0;3;10000.0;33;1000.0;287;100.0;3072;10.0
30;2002;0.0;2;256170.1;9;10000.0;53;1000.0;584;100.0;4306;10.0
31;2002;210452.2;0;0.0;3;10000.0;38;1000.0;331;100.0;2967;10.0
32;2002;484788.2;0;0.0;3;10000.0;56;1000.0;388;100.0;3873;10.0
33;2002;680443.6;0;0.0;6;10000.0;35;1000.0;318;100.0;3389;10.0
34;2002;0.0;1;1013178.4;4;10000.0;37;1000.0;476;100.0;4578;10.0
35;2002;310457.2;0;0.0;1;10000.0;20;1000.0;301;100.0;3322;10.0
36;2002;0.0;1;702294.0;5;10000.0;51;1000.0;477;100.0;5077;10.0
37;2002;0.0;1;415538.0;3;10000.0;41;1000.0;480;100.0;4865;10.0
38;2002;0.0;4;75902.5;1;10000.0;48;1000.0;408;100.0;3919;10.0
