0835940076908002                0,000    XEU                                    
0835940076908010                0,000    CHF                                    
0835940076908022                0,000    BEF                                    
0835940076908037                0,000    DKK                                    
0835940076908044          686 287,000-   DEM                                    
0835940076908060                0,000    FIM                                    
0835940076908066          571 080,000-   FRF                                    
0835940076908089                0,000    GBP                                    
0835940076908111                0,000    ITL                                    
0835940076908153                0,000    NLG                                    
0835940076908161                0,000    NOK                                    
0835940076908168                0,000    ATS                                    
0835940076908183                0,000    PTE                                    
0835940076908204                0,000    SEK                                    
0835940076908223                0,000    ESP                                    
0835940076908305                0,000    HKD                                    
0835940076908310                0,000    INR                                    
0835940076908335                0,000    JPY                                    
0835940076908390                0,000    MYR                                    
0835940076908440                0,000    SGD                                    
0835940076908673                0,000    ZAR                                    
0835940076908770                0,000    CAD                                    
0835940076908780          461 739,600-   USD                                    
0835940076908945                0,000    AUD                                    
0835940076908965                0,000    NZD                                    
