EINZELKONTO: 403 + 418                                                          
SAMMELKONTO: 406                                                                
                                                                                
WAEHRUNG                      EINZELKONTO         SAMMELKONTO         DIFFERENZ 
                                                                                
0002     XEU                 994 528,000-         994 528,000            0,000  
0010     CHF              18 957 089,470-      18 947 306,470        9 783,000-*
0022     BEF              29 173 785,000-      29 173 785,000            0,000  
0044     DEM               9 430 317,100-       9 430 317,100            0,000  
0066     FRF               8 177 168,630-       8 177 168,630            0,000  
0089     GBP                 672 630,000-         672 630,000            0,000  
0111     ITL           4 392 967 982,000-   4 392 967 982,000            0,000  
0168     ATS                  95 000,000-          95 000,000            0,000  
0223     ESP              44 190 174,000-      44 190 174,000            0,000  
0335     JPY           1 962 794 852,000-   1 962 794 852,000            0,000  
0780     USD              56 112 546,550-      63 490 623,670    7 378 077,120 *
                                                                                
                                                                                
W„HRUNGSCODE:         2  XEU                                                    
0835                         994 528,000-         994 528,000            0,000  
                                                                                
                                                                                
W„HRUNGSCODE:        10  CHF                                                    
0060                       4 322 985,240-       4 322 985,240            0,000  
0094                         892 489,650-         892 489,650            0,000  
0112                          94 739,400-          94 739,400            0,000  
0251                         131 119,680-         131 119,680            0,000  
0419                          56 317,460-          56 317,460            0,000  
0425                       1 956 422,220-       1 956 422,220            0,000  
0456                          70 105,000-          70 105,000            0,000  
0637                         771 875,230-         771 875,230            0,000  
0806                          29 822,000-          29 822,000            0,000  
0823                       3 516 371,550-       3 516 371,550            0,000  
0835                       6 666 240,780-       6 656 457,780        9 783,000-*
0836                         137 653,030-         137 653,030            0,000  
0839                         310 948,230-         310 948,230            0,000  
                                                                                
                                                                                
W„HRUNGSCODE:        11  ERE                                                    
                                                                                
                                                                                
W„HRUNGSCODE:        22  BEF                                                    
0835                      29 173 785,000-      29 173 785,000            0,000  
                                                                                
                                                                                
W„HRUNGSCODE:        37  DKK                                                    
                                                                                
                                                                                
W„HRUNGSCODE:        44  DEM                                                    
0060                          29 849,960-          29 849,960            0,000  
0094                         111 186,720-         111 186,720            0,000  
0144                         279 137,830-         279 137,830            0,000  
0172                       1 088 531,790-       1 088 531,790            0,000  
0251                       3 073 328,180-       3 073 328,180            0,000  
0272                         307 864,080-         307 864,080            0,000  
0425                         508 250,000-         508 250,000            0,000  
0456                       1 214 252,850-       1 214 252,850            0,000  
0777                         245 866,000-         245 866,000            0,000  
0823                         441 964,500-         441 964,500            0,000  
0835                       2 130 085,190-       2 130 085,190            0,000  
                                                                                
                                                                                
W„HRUNGSCODE:        60  FIM                                                    
                                                                                
                                                                                
W„HRUNGSCODE:        66  FRF                                                    
0060                         983 653,200-         983 653,200            0,000  
0251                       1 591 140,740-       1 591 140,740            0,000  
0425                         307 745,140-         307 745,140            0,000  
0823                       1 222 381,000-       1 222 381,000            0,000  
0835                       4 072 248,550-       4 072 248,550            0,000  
                                                                                
                                                                                
W„HRUNGSCODE:        82  GRD                                                    
                                                                                
                                                                                
W„HRUNGSCODE:        89  GBP                                                    
0251                          26 964,000-          26 964,000            0,000  
0835                         430 001,000-         430 001,000            0,000  
0860                         215 665,000-         215 665,000            0,000  
                                                                                
                                                                                
W„HRUNGSCODE:        97  IEP                                                    
                                                                                
                                                                                
W„HRUNGSCODE:       111  ITL                                                    
0060                     127 426 200,000-     127 426 200,000            0,000  
0141                      10 020 000,000-      10 020 000,000            0,000  
0172                     172 430 940,000-     172 430 940,000            0,000  
0251                   1 544 975 239,000-   1 544 975 239,000            0,000  
0272                     188 204 310,000-     188 204 310,000            0,000  
0456                     472 979 553,000-     472 979 553,000            0,000  
0616                     121 949 600,000-     121 949 600,000            0,000  
0835                   1 754 982 140,000-   1 754 982 140,000            0,000  
                                                                                
                                                                                
W„HRUNGSCODE:       153  NLG                                                    
                                                                                
                                                                                
W„HRUNGSCODE:       161  NOK                                                    
                                                                                
                                                                                
W„HRUNGSCODE:       168  ATS                                                    
0456                          95 000,000-          95 000,000            0,000  
                                                                                
                                                                                
W„HRUNGSCODE:       183  PTE                                                    
                                                                                
                                                                                
W„HRUNGSCODE:       204  SEK                                                    
                                                                                
                                                                                
W„HRUNGSCODE:       223  ESP                                                    
0251                      36 411 976,000-      36 411 976,000            0,000  
0637                       4 860 000,000-       4 860 000,000            0,000  
0835                       2 918 198,000-       2 918 198,000            0,000  
                                                                                
                                                                                
W„HRUNGSCODE:       230  CZK                                                    
                                                                                
                                                                                
W„HRUNGSCODE:       251  AED                                                    
                                                                                
                                                                                
W„HRUNGSCODE:       290  CNY                                                    
                                                                                
                                                                                
W„HRUNGSCODE:       305  HKD                                                    
                                                                                
                                                                                
W„HRUNGSCODE:       310  INR                                                    
                                                                                
                                                                                
W„HRUNGSCODE:       335  JPY                                                    
0060                      71 706 144,000-      71 706 144,000            0,000  
0405                       5 110 000,000-       5 110 000,000            0,000  
0456                     308 652 504,000-     308 652 504,000            0,000  
0463                     770 304 144,000-     770 304 144,000            0,000  
0637                      19 460 903,000-      19 460 903,000            0,000  
0823                     156 034 607,000-     156 034 607,000            0,000  
0835                     556 536 800,000-     556 536 800,000            0,000  
0837                       7 474 750,000-       7 474 750,000            0,000  
0857                      67 515 000,000-      67 515 000,000            0,000  
                                                                                
                                                                                
W„HRUNGSCODE:       355  QAR                                                    
                                                                                
                                                                                
W„HRUNGSCODE:       370  KWD                                                    
                                                                                
                                                                                
W„HRUNGSCODE:       415  PKR                                                    
                                                                                
                                                                                
W„HRUNGSCODE:       425  SAR                                                    
                                                                                
                                                                                
W„HRUNGSCODE:       440  SGD                                                    
                                                                                
                                                                                
W„HRUNGSCODE:       443  TWD                                                    
                                                                                
                                                                                
W„HRUNGSCODE:       445  THB                                                    
                                                                                
                                                                                
W„HRUNGSCODE:       455  TRL                                                    
                                                                                
                                                                                
W„HRUNGSCODE:       502  CFA                                                    
                                                                                
                                                                                
W„HRUNGSCODE:       537  XOF                                                    
                                                                                
                                                                                
W„HRUNGSCODE:       569  KES                                                    
                                                                                
                                                                                
W„HRUNGSCODE:       605  MAD                                                    
                                                                                
                                                                                
W„HRUNGSCODE:       625  NGN                                                    
                                                                                
                                                                                
W„HRUNGSCODE:       673  ZAR                                                    
                                                                                
                                                                                
W„HRUNGSCODE:       770  CAD                                                    
                                                                                
                                                                                
W„HRUNGSCODE:       780  USD                                                    
0060                         514 438,200-         514 438,200            0,000  
0083                         653 841,000-         653 841,000            0,000  
0088                         102 001,820-         102 001,820            0,000  
0112                         161 225,000-         161 225,000            0,000  
0144                         257 097,340-         257 097,340            0,000  
0172                         184 530,000-         184 530,000            0,000  
0251                       8 008 228,750-      15 663 267,360    7 655 038,610 *
0272                          72 642,520-          72 642,520            0,000  
0383                          81 563,000-          81 563,000            0,000  
0425                      10 421 551,710-      10 421 551,710            0,000  
0456                       4 352 893,550-       4 075 932,060      276 961,490-*
0463                       1 433 497,190-       1 433 497,190            0,000  
0531                          81 548,000-          81 548,000            0,000  
0637                         672 393,750-         672 393,750            0,000  
0823                       3 568 139,240-       3 568 139,240            0,000  
0835                      25 110 578,480-      25 110 578,480            0,000  
0842                         148 000,000-         148 000,000            0,000  
0857                          62 000,000-          62 000,000            0,000  
0862                         189 977,000-         189 977,000            0,000  
0879                          36 400,000-          36 400,000            0,000  
                                                                                
                                                                                
W„HRUNGSCODE:       879  CRUZAD                                                 
                                                                                
                                                                                
W„HRUNGSCODE:       881  CRUZEI                                                 
                                                                                
                                                                                
W„HRUNGSCODE:       937  VEB                                                    
                                                                                
                                                                                
W„HRUNGSCODE:       945  AUD                                                    
                                                                                
                                                                                
W„HRUNGSCODE:       965  NZD                                                    
                                                                                
                                                                                
W„HRUNGSCODE:       995  XAU                                                    
                                                                                
                                                                                
W„HRUNGSCODE:       996  XAG                                                    
