255 204 204
255 153 153
255 102 102
255  51  51
255   0   0
255  13  13
255  31  31
255  49  49
255  67  67
255  85  85
255 103 103
255 121 121
255 139 139
255 157 157
255 175 175
255 193 193
255 211 211
255 229 229
255 247 247
255 228 206
255 208 165
255 188 124
255 168  83
255 148  42
255 128   0
255 136  17
255 145  34
255 153  51
255 162  68
255 170  86
255 179 103
255 196 137
255 205 154
255 213 172
255 222 189
255 230 206
255 239 223
255 248 241
255 249 207
255 250 173
255 251 138
255 252 104
255 253  69
255 253  79
255 253  89
255 253  99
255 253 109
255 253 120
255 253 130
255 253 140
255 254 150
255 254 160
255 254 160
255 254 171
255 254 181
255 254 191
255 254 201
255 254 211
255 255 222
255 255 234
255 255 247
213 255 206
170 255 165
128 255 124
 85 255  83
 43 255  42
  0 255   0
 18 255  18
 36 255  36
 54 255  54
 72 255  72
 90 255  90
108 255 108
126 255 126
144 255 144
162 255 162
180 255 180
198 255 198
216 255 216
234 255 234
247 255 247
206 213 248
165 170 249
124 128 251
 83  85 252
 42  43 253
  0   0 255
 19  19 255
 38  38 255
 57  57 255
 76  76 255
 95  95 255
114 114 255
133 133 255
152 152 255
171 171 255
190 190 255
209 209 255
228 228 255
247 247 255
  0   0   0 




































