1;1970;01.01.1970;7;8;12;17;32;40;24;
2;1970;01.01.1970;7;12;22;24;29;40;36;
3;1970;01.01.1970;16;22;25;27;30;35;24;
4;1970;01.01.1970;3;11;21;22;24;39;8;
5;1970;01.01.1970;2;5;11;16;18;38;37;
6;1970;01.01.1970;5;10;17;29;37;40;11;
7;1970;01.01.1970;2;4;18;21;22;36;19;
8;1970;01.01.1970;1;2;21;25;26;29;31;
9;1970;01.01.1970;1;11;24;29;32;33;40;
10;1970;01.01.1970;15;24;28;30;31;33;34;
11;1970;01.01.1970;5;8;13;29;34;35;20;
12;1970;01.01.1970;1;3;9;15;18;28;36;
13;1970;01.01.1970;14;16;22;25;36;39;23;
14;1970;01.01.1970;2;13;17;18;32;36;27;
15;1970;01.01.1970;5;9;15;27;29;39;20;
16;1970;01.01.1970;5;8;11;13;34;38;1;
17;1970;01.01.1970;3;15;28;34;38;40;12;
18;1970;01.01.1970;1;6;7;8;28;32;38;
19;1970;01.01.1970;4;9;12;18;22;30;23;
20;1970;01.01.1970;11;13;14;19;23;34;3;
21;1970;01.01.1970;10;16;20;30;31;39;26;
22;1970;01.01.1970;6;8;11;28;36;40;26;
23;1970;01.01.1970;10;16;23;25;30;34;9;
24;1970;01.01.1970;15;24;25;26;31;32;8;
25;1970;01.01.1970;13;20;27;29;35;37;15;
26;1970;01.01.1970;7;9;14;15;16;26;32;
27;1970;01.01.1970;1;4;6;19;35;40;12;
28;1970;01.01.1970;3;17;22;26;31;39;15;
29;1970;01.01.1970;19;24;33;35;36;37;8;
30;1970;01.01.1970;9;18;25;26;30;37;35;
31;1970;01.01.1970;8;11;25;27;30;32;37;
32;1970;01.01.1970;7;10;20;30;33;38;3;
33;1970;01.01.1970;2;11;16;25;29;32;33;
34;1970;01.01.1970;7;8;10;19;25;38;5;
35;1970;01.01.1970;2;3;15;22;25;29;17;
36;1970;01.01.1970;11;24;28;31;34;35;40;
37;1970;01.01.1970;1;2;6;14;37;38;20;
38;1970;01.01.1970;7;12;15;30;33;40;6;
39;1970;01.01.1970;23;25;26;31;32;35;4;
40;1970;01.01.1970;22;34;35;38;39;40;18;
41;1970;01.01.1970;12;16;20;22;39;40;28;
42;1970;01.01.1970;4;12;15;21;25;27;1;
43;1970;01.01.1970;17;23;27;28;33;40;38;
44;1970;01.01.1970;4;9;19;24;27;33;40;
45;1970;01.01.1970;3;9;13;25;31;39;20;
46;1970;01.01.1970;1;4;8;10;24;25;9;
47;1970;01.01.1970;9;16;23;25;30;34;38;
48;1970;01.01.1970;1;4;20;25;30;31;8;
49;1970;01.01.1970;4;11;22;30;32;37;10;
1;1971;02.01.1971;11;13;15;21;29;38;4;
2;1971;09.01.1971;8;21;24;28;31;40;39;
3;1971;16.01.1971;1;5;8;14;30;31;11;
4;1971;23.01.1971;6;14;19;22;26;29;16;
5;1971;30.01.1971;8;18;24;30;34;40;39;
6;1971;06.02.1971;2;6;15;19;21;33;40;
7;1971;13.02.1971;10;18;23;34;35;36;37;
8;1971;20.02.1971;4;10;12;29;30;37;1;
9;1971;27.02.1971;9;10;11;15;18;29;7;
10;1971;06.03.1971;5;9;20;30;31;37;35;
11;1971;13.03.1971;8;21;22;24;30;34;6;
12;1971;20.03.1971;4;5;21;24;34;35;29;
13;1971;27.03.1971;8;12;18;21;27;39;34;
14;1971;03.04.1971;5;23;28;32;34;38;4;
15;1971;17.04.1971;3;12;23;31;35;36;11;
16;1971;24.04.1971;5;12;15;24;28;32;31;
17;1971;01.05.1971;2;10;20;22;26;39;12;
18;1971;08.05.1971;6;19;27;29;35;39;32;
19;1971;15.05.1971;5;6;12;15;18;29;37;
20;1971;22.05.1971;13;14;15;20;24;36;29;
21;1971;29.05.1971;3;13;22;24;31;39;4;
22;1971;05.06.1971;10;32;33;36;39;40;3;
23;1971;12.06.1971;1;2;5;25;26;36;37;
24;1971;19.06.1971;10;14;18;23;25;40;7;
25;1971;26.06.1971;5;10;15;24;33;34;18;
26;1971;03.07.1971;2;5;7;15;20;22;9;
27;1971;10.07.1971;4;23;26;32;34;39;3;
28;1971;17.07.1971;6;12;13;17;32;37;15;
29;1971;24.07.1971;9;21;32;37;38;39;18;
30;1971;31.07.1971;22;24;26;30;32;40;38;
31;1971;07.08.1971;2;4;12;13;15;20;33;
32;1971;14.08.1971;5;9;11;21;33;36;16;
33;1971;21.08.1971;12;13;17;18;30;40;39;
34;1971;28.08.1971;4;14;19;25;34;35;36;
35;1971;04.09.1971;8;16;22;24;29;37;39;
36;1971;11.09.1971;7;12;19;25;30;34;22;
37;1971;18.09.1971;4;11;20;30;35;36;1;
38;1971;25.09.1971;17;18;22;24;26;36;33;
39;1971;02.10.1971;1;5;9;23;27;38;20;
40;1971;09.10.1971;5;11;22;28;31;38;27;
41;1971;16.10.1971;4;6;8;12;19;28;31;
42;1971;23.10.1971;6;15;20;22;33;34;36;
43;1971;30.10.1971;5;23;24;29;31;36;34;
44;1971;06.11.1971;19;24;26;34;37;38;17;
45;1971;13.11.1971;1;8;9;21;23;37;16;
46;1971;20.11.1971;6;11;18;20;28;40;34;
47;1971;27.11.1971;3;10;25;36;39;40;12;
48;1971;04.12.1971;14;17;18;23;25;27;35;
49;1971;11.12.1971;10;12;20;21;26;38;4;
50;1971;18.12.1971;14;17;22;23;30;36;38;
51;1971;31.12.1971;4;7;10;12;21;33;40;
1;1972;08.01.1972;12;13;25;30;37;38;9;
2;1972;08.02.1997;1;2;6;12;15;16;18;
3;1972;08.02.1997;2;7;13;23;26;32;37;
4;1972;08.02.1997;1;7;8;11;17;24;16;
5;1972;08.02.1997;1;3;7;8;13;33;32;
6;1972;08.02.1997;3;16;17;22;26;40;10;
7;1972;08.02.1997;12;21;22;27;28;36;23;
8;1972;08.02.1997;3;10;13;16;21;39;29;
9;1972;08.02.1997;3;18;19;23;32;35;1;
10;1972;08.02.1997;9;15;17;30;34;35;10;
11;1972;08.02.1997;2;6;9;11;27;30;23;
12;1972;08.02.1997;9;10;22;32;35;40;4;
13;1972;08.02.1997;3;23;24;27;29;40;20;
14;1972;08.02.1997;12;16;18;21;22;40;26;
15;1972;08.02.1997;2;4;10;12;38;40;31;
16;1972;08.02.1997;4;12;20;28;32;38;1;
17;1972;08.02.1997;3;7;11;18;25;27;31;
18;1972;08.02.1997;5;9;14;23;27;33;10;
19;1972;08.02.1997;7;8;9;12;18;40;23;
20;1972;08.02.1997;3;8;17;36;37;40;2;
21;1972;08.02.1997;1;9;10;15;17;26;32;
22;1972;08.02.1997;4;9;12;25;28;40;2;
23;1972;08.02.1997;1;4;8;25;29;30;7;
24;1972;08.02.1997;26;27;29;33;35;40;6;
25;1972;08.02.1997;5;12;14;21;28;31;29;
26;1972;08.02.1997;11;12;18;24;31;34;30;
27;1972;08.02.1997;6;8;9;11;16;31;32;
28;1972;08.02.1997;1;6;18;20;23;34;9;
29;1972;08.02.1997;4;10;15;20;32;37;26;
30;1972;08.02.1997;6;9;20;25;29;34;26;
31;1972;08.02.1997;1;11;13;19;30;33;10;
32;1972;08.02.1997;4;11;12;18;20;22;15;
33;1972;08.02.1997;3;6;8;10;14;31;13;
34;1972;08.02.1997;8;11;27;29;36;37;19;
35;1972;08.02.1997;3;5;15;33;34;40;8;
36;1972;08.02.1997;2;10;21;25;33;39;30;
37;1972;08.02.1997;4;10;12;13;14;29;1;
38;1972;08.02.1997;1;19;20;28;29;39;14;
39;1972;08.02.1997;2;4;6;7;34;39;28;
40;1972;08.02.1997;5;11;15;21;28;36;10;
41;1972;08.02.1997;11;15;19;28;33;40;18;
42;1972;08.02.1997;2;7;30;31;32;37;17;
43;1972;08.02.1997;1;21;32;35;37;38;39;
44;1972;08.02.1997;9;21;25;28;34;35;39;
45;1972;08.02.1997;1;9;10;13;19;26;2;
46;1972;08.02.1997;9;12;13;19;22;39;14;
47;1972;08.02.1997;1;12;18;23;33;34;17;
48;1972;08.02.1997;2;7;9;12;35;36;19;
49;1972;08.02.1997;5;7;15;18;32;37;20;
50;1972;08.02.1997;2;3;11;22;24;39;18;
1;1973;06.01.1973;1;16;31;34;35;39;29;
2;1973;08.02.1997;1;5;24;30;34;39;25;
3;1973;08.02.1997;3;9;12;17;18;19;24;
4;1973;08.02.1997;11;16;18;22;29;39;40;
5;1973;08.02.1997;3;4;5;19;20;23;39;
6;1973;08.02.1997;1;2;9;12;35;39;5;
7;1973;08.02.1997;16;23;25;30;37;39;13;
8;1973;08.02.1997;9;11;13;18;29;36;2;
9;1973;08.02.1997;6;16;18;22;26;39;17;
10;1973;08.02.1997;1;3;32;33;35;39;10;
11;1973;08.02.1997;3;11;13;22;38;40;10;
12;1973;08.02.1997;6;9;26;27;29;33;18;
13;1973;08.02.1997;2;4;5;24;27;34;1;
14;1973;08.02.1997;4;8;11;12;25;36;28;
15;1973;08.02.1997;10;17;18;27;28;31;7;
16;1973;08.02.1997;5;8;22;23;30;34;26;
17;1973;08.02.1997;3;29;31;35;37;38;33;
18;1973;08.02.1997;3;5;10;17;18;27;19;
19;1973;08.02.1997;7;9;10;12;18;25;33;
20;1973;08.02.1997;7;12;14;21;24;30;22;
21;1973;08.02.1997;3;7;10;14;16;26;12;
22;1973;08.02.1997;3;10;11;20;32;33;24;
23;1973;08.02.1997;2;13;19;22;31;40;29;
24;1973;08.02.1997;4;9;11;25;26;31;3;
25;1973;08.02.1997;3;9;17;27;30;35;31;
26;1973;08.02.1997;1;3;7;9;19;38;29;
27;1973;08.02.1997;6;8;15;22;26;31;25;
28;1973;08.02.1997;11;13;17;30;32;38;20;
29;1973;08.02.1997;2;3;20;21;30;35;12;
30;1973;08.02.1997;1;4;11;22;28;32;34;
31;1973;08.02.1997;2;9;10;24;29;32;21;
32;1973;08.02.1997;1;8;9;13;20;40;25;
33;1973;08.02.1997;5;14;17;18;26;36;19;
34;1973;08.02.1997;1;6;13;14;15;40;35;
35;1973;08.02.1997;11;21;30;32;33;34;12;
36;1973;08.02.1997;19;20;21;26;27;40;14;
37;1973;08.02.1997;3;6;21;31;37;40;33;
38;1973;08.02.1997;4;5;19;23;26;36;8;
39;1973;08.02.1997;2;5;18;20;24;39;31;
40;1973;08.02.1997;1;3;15;23;25;26;13;
41;1973;08.02.1997;4;5;8;31;34;40;23;
42;1973;08.02.1997;1;5;6;13;27;39;9;
43;1973;08.02.1997;5;22;32;35;37;40;10;
44;1973;08.02.1997;1;17;20;21;31;36;3;
45;1973;08.02.1997;3;5;13;23;30;40;22;
46;1973;08.02.1997;1;3;4;8;17;21;24;
47;1973;08.02.1997;8;14;20;22;38;40;9;
48;1973;08.02.1997;10;14;19;24;26;35;33;
49;1973;08.02.1997;11;22;24;26;36;37;28;
50;1973;08.02.1997;4;9;24;25;27;30;40;
51;1973;08.02.1997;18;19;22;26;30;31;14;
1;1974;05.01.1974;6;11;15;26;37;40;19;
2;1974;08.02.1997;3;5;9;33;34;36;38;
3;1974;08.02.1997;2;10;11;15;18;40;7;
4;1974;08.02.1997;1;8;13;18;30;33;31;
5;1974;08.02.1997;18;19;20;25;36;38;2;
6;1974;08.02.1997;2;14;15;26;29;39;19;
7;1974;08.02.1997;6;11;18;23;27;39;19;
8;1974;08.02.1997;7;11;12;28;39;40;35;
9;1974;08.02.1997;1;4;11;12;25;38;10;
10;1974;08.02.1997;5;6;8;18;27;30;4;
11;1974;08.02.1997;2;8;13;26;33;37;34;
12;1974;08.02.1997;7;8;9;11;19;28;26;
13;1974;08.02.1997;8;11;15;23;38;40;3;
14;1974;08.02.1997;10;19;27;28;37;38;24;
15;1974;08.02.1997;1;5;22;25;27;29;12;
16;1974;08.02.1997;7;12;20;22;27;40;38;
17;1974;08.02.1997;6;9;20;22;30;38;1;
18;1974;08.02.1997;1;10;17;18;31;34;20;
19;1974;08.02.1997;3;4;15;18;21;32;27;
20;1974;08.02.1997;5;8;9;13;27;32;11;
21;1974;08.02.1997;8;11;24;31;33;40;16;
22;1974;08.02.1997;1;13;15;16;19;27;40;
23;1974;08.02.1997;1;2;26;34;37;38;9;
24;1974;08.02.1997;11;16;19;27;28;35;18;
25;1974;08.02.1997;2;6;12;16;27;40;34;
26;1974;08.02.1997;6;8;19;27;37;39;14;
27;1974;08.02.1997;3;4;12;20;26;29;14;
28;1974;08.02.1997;9;13;18;19;34;36;40;
29;1974;08.02.1997;4;6;11;14;24;27;20;
30;1974;08.02.1997;3;18;24;26;28;35;20;
31;1974;08.02.1997;7;8;9;14;36;40;2;
32;1974;08.02.1997;3;11;21;24;28;38;27;
33;1974;08.02.1997;1;2;4;12;13;22;11;
34;1974;08.02.1997;4;18;21;26;28;37;38;
35;1974;08.02.1997;3;12;20;25;31;36;7;
36;1974;08.02.1997;1;7;19;28;30;38;3;
37;1974;08.02.1997;8;9;30;33;39;40;10;
38;1974;08.02.1997;11;19;21;30;35;38;18;
39;1974;08.02.1997;22;23;27;30;31;36;11;
40;1974;08.02.1997;2;8;9;15;22;30;5;
41;1974;08.02.1997;1;6;15;31;36;40;33;
42;1974;08.02.1997;8;14;16;27;32;36;21;
43;1974;08.02.1997;2;4;9;10;30;40;23;
44;1974;08.02.1997;14;16;22;26;28;29;35;
45;1974;08.02.1997;16;19;22;33;34;40;3;
46;1974;08.02.1997;6;23;25;29;32;37;1;
47;1974;08.02.1997;4;6;8;14;18;25;34;
48;1974;08.02.1997;5;6;26;28;36;38;8;
49;1974;08.02.1997;2;11;14;22;31;39;9;
50;1974;08.02.1997;4;9;10;21;23;35;16;
51;1974;08.02.1997;5;8;20;24;37;38;19;
52;1974;08.02.1997;2;5;10;20;30;35;15;
1;1975;04.01.1975;1;7;18;30;31;35;16;
2;1975;08.02.1997;11;14;16;35;38;40;26;
3;1975;08.02.1997;1;3;4;24;34;39;25;
4;1975;08.02.1997;4;15;16;18;20;37;9;
5;1975;08.02.1997;9;18;27;31;32;40;4;
6;1975;08.02.1997;1;2;9;10;25;30;19;
7;1975;08.02.1997;13;20;26;27;28;39;5;
8;1975;08.02.1997;8;10;11;20;23;28;34;
9;1975;08.02.1997;2;20;23;24;36;39;3;
10;1975;08.02.1997;13;23;24;32;34;40;22;
11;1975;08.02.1997;4;9;27;36;38;39;3;
12;1975;08.02.1997;3;11;14;18;29;33;4;
13;1975;08.02.1997;2;12;22;23;24;37;6;
14;1975;08.02.1997;9;12;18;19;26;27;15;
15;1975;08.02.1997;3;4;10;16;32;37;26;
16;1975;08.02.1997;9;16;17;19;20;25;36;
17;1975;08.02.1997;10;16;17;18;29;36;22;
18;1975;08.02.1997;1;8;12;15;24;38;36;
19;1975;08.02.1997;3;9;13;28;30;32;22;
20;1975;08.02.1997;7;10;27;31;36;37;16;
21;1975;08.02.1997;2;4;17;19;32;40;21;
22;1975;08.02.1997;4;7;20;25;30;35;32;
23;1975;08.02.1997;1;3;8;9;10;26;38;
24;1975;08.02.1997;6;9;12;17;21;26;16;
25;1975;08.02.1997;2;22;26;31;33;38;13;
26;1975;08.02.1997;3;5;8;18;22;25;13;
27;1975;08.02.1997;3;4;6;14;16;22;39;
28;1975;08.02.1997;9;11;23;34;37;40;28;
29;1975;08.02.1997;7;8;10;11;12;14;38;
30;1975;08.02.1997;2;10;12;17;34;40;13;
31;1975;08.02.1997;2;9;14;17;23;35;36;
32;1975;08.02.1997;10;16;22;27;38;40;7;
33;1975;08.02.1997;3;8;11;19;23;24;21;
34;1975;08.02.1997;1;9;12;14;28;34;37;
35;1975;08.02.1997;3;9;11;13;19;23;6;
36;1975;08.02.1997;7;23;25;27;28;34;29;
37;1975;08.02.1997;8;10;11;23;29;39;3;
38;1975;08.02.1997;4;25;28;34;35;36;9;
39;1975;08.02.1997;2;14;19;27;30;38;18;
40;1975;08.02.1997;4;7;20;21;28;29;18;
41;1975;08.02.1997;13;15;27;28;30;34;6;
42;1975;08.02.1997;6;22;24;26;27;39;17;
43;1975;08.02.1997;8;12;13;14;15;32;5;
44;1975;08.02.1997;4;7;11;29;33;34;32;
45;1975;08.02.1997;9;11;13;24;28;34;3;
46;1975;08.02.1997;2;5;13;14;21;36;34;
47;1975;08.02.1997;3;14;20;32;33;38;28;
48;1975;08.02.1997;3;14;18;22;28;38;11;
49;1975;08.02.1997;4;16;20;27;37;40;28;
50;1975;08.02.1997;11;12;13;18;25;30;32;
51;1975;08.02.1997;4;7;11;17;18;34;33;
52;1975;08.02.1997;1;3;7;17;29;33;25;
1;1976;08.02.1997;5;10;13;24;30;37;9;
2;1976;08.02.1997;7;9;19;25;31;35;22;
3;1976;08.02.1997;2;4;10;34;35;39;25;
4;1976;08.02.1997;15;17;22;24;28;31;1;
5;1976;08.02.1997;2;7;9;23;24;30;21;
6;1976;08.02.1997;1;6;23;33;37;39;21;
7;1976;08.02.1997;1;5;15;18;20;23;37;
8;1976;08.02.1997;4;10;21;27;32;35;37;
9;1976;08.02.1997;9;21;26;30;31;37;40;
10;1976;08.02.1997;2;10;17;20;28;32;29;
11;1976;08.02.1997;9;21;25;30;35;38;14;
12;1976;08.02.1997;1;10;13;19;24;35;36;
13;1976;08.02.1997;6;10;27;31;32;38;23;
14;1976;08.02.1997;3;8;12;28;29;37;18;
15;1976;08.02.1997;1;11;21;24;31;34;2;
16;1976;08.02.1997;8;26;29;30;34;35;11;
17;1976;08.02.1997;1;3;25;27;32;35;31;
18;1976;08.02.1997;2;10;14;18;19;24;15;
19;1976;08.02.1997;6;10;12;18;28;39;29;
20;1976;08.02.1997;13;19;22;26;32;37;25;
21;1976;08.02.1997;2;5;10;13;17;29;19;
22;1976;08.02.1997;12;21;30;32;33;38;11;
23;1976;08.02.1997;11;13;15;16;25;27;5;
24;1976;08.02.1997;1;4;7;29;36;39;11;
25;1976;08.02.1997;2;9;22;25;27;40;3;
26;1976;08.02.1997;2;7;8;11;16;28;3;
27;1976;08.02.1997;11;12;17;18;24;30;7;
28;1976;08.02.1997;5;9;16;26;29;33;34;
29;1976;08.02.1997;1;3;15;25;31;32;5;
30;1976;08.02.1997;5;20;25;32;39;40;30;
31;1976;08.02.1997;10;11;18;24;25;38;15;
32;1976;08.02.1997;10;24;29;30;33;40;26;
33;1976;08.02.1997;1;3;4;7;20;28;17;
34;1976;08.02.1997;9;22;23;25;26;40;18;
35;1976;08.02.1997;9;13;16;22;23;39;26;
36;1976;08.02.1997;1;11;12;14;35;40;21;
37;1976;08.02.1997;13;14;22;30;33;38;15;
38;1976;08.02.1997;11;21;29;33;38;39;8;
39;1976;08.02.1997;2;9;10;12;29;33;19;
40;1976;08.02.1997;10;13;26;28;29;36;17;
41;1976;08.02.1997;2;3;6;9;22;28;24;
42;1976;08.02.1997;22;27;29;31;34;35;3;
43;1976;08.02.1997;2;5;7;28;33;36;39;
44;1976;08.02.1997;9;17;20;26;28;34;18;
45;1976;08.02.1997;1;16;20;29;31;34;11;
46;1976;08.02.1997;11;27;28;29;39;40;10;
47;1976;08.02.1997;13;24;26;27;34;36;6;
48;1976;08.02.1997;1;3;14;23;38;40;6;
49;1976;08.02.1997;2;12;24;26;35;39;20;
50;1976;08.02.1997;2;6;13;14;35;38;17;
51;1976;08.02.1997;2;3;13;20;31;36;25;
52;1976;08.02.1997;2;5;21;25;28;30;32;
1;1977;30.12.1976;11;23;26;32;34;35;36;
2;1977;08.02.1997;2;21;22;28;32;39;24;
3;1977;08.02.1997;3;4;5;7;19;29;1;
4;1977;08.02.1997;4;11;13;15;22;36;33;
5;1977;08.02.1997;3;6;14;16;38;39;1;
6;1977;08.02.1997;1;4;7;19;25;28;17;
7;1977;08.02.1997;2;3;6;19;27;34;7;
8;1977;08.02.1997;3;8;16;27;38;39;25;
9;1977;08.02.1997;1;6;11;22;23;29;21;
10;1977;08.02.1997;6;12;13;15;20;32;21;
11;1977;08.02.1997;3;15;17;35;36;40;31;
12;1977;08.02.1997;5;16;27;29;37;40;28;
13;1977;08.02.1997;4;25;31;32;33;35;37;
14;1977;08.02.1997;8;14;15;18;28;31;3;
15;1977;08.02.1997;12;13;16;33;34;40;5;
16;1977;08.02.1997;5;7;21;22;33;34;2;
17;1977;08.02.1997;6;10;19;22;26;31;27;
18;1977;08.02.1997;3;7;15;18;21;40;22;
19;1977;08.02.1997;23;24;25;30;34;37;21;
20;1977;08.02.1997;3;11;24;29;30;36;20;
21;1977;08.02.1997;3;9;14;34;36;40;8;
22;1977;08.02.1997;2;13;24;25;26;35;10;
23;1977;08.02.1997;3;17;18;20;24;38;10;
24;1977;08.02.1997;4;14;19;23;26;37;18;
25;1977;08.02.1997;6;8;9;25;33;40;36;
26;1977;08.02.1997;1;17;21;27;28;37;33;
27;1977;08.02.1997;20;24;25;27;31;36;3;
28;1977;08.02.1997;7;14;26;33;36;39;13;
29;1977;08.02.1997;10;11;13;23;25;28;22;
30;1977;08.02.1997;6;8;10;25;29;36;17;
31;1977;08.02.1997;10;11;19;22;23;27;36;
32;1977;08.02.1997;3;8;9;11;21;28;32;
33;1977;08.02.1997;10;11;12;16;29;33;40;
34;1977;08.02.1997;11;14;23;25;28;40;37;
35;1977;08.02.1997;2;4;10;21;27;34;36;
36;1977;08.02.1997;7;12;16;28;32;40;24;
37;1977;08.02.1997;5;15;19;31;33;35;14;
38;1977;08.02.1997;1;18;28;29;33;39;40;
39;1977;08.02.1997;12;18;19;21;30;33;20;
40;1977;08.02.1997;4;16;20;22;32;39;24;
41;1977;08.02.1997;4;6;15;19;24;31;18;
42;1977;08.02.1997;3;17;26;29;31;32;24;
43;1977;08.02.1997;2;16;18;25;31;35;23;
44;1977;08.02.1997;2;3;8;21;28;34;7;
45;1977;08.02.1997;11;22;26;27;33;35;32;
46;1977;08.02.1997;6;9;16;21;31;38;24;
47;1977;08.02.1997;22;30;34;38;39;40;31;
48;1977;08.02.1997;1;3;8;13;23;29;9;
49;1977;08.02.1997;11;21;23;24;29;36;19;
50;1977;08.02.1997;9;11;28;30;32;36;33;
51;1977;08.02.1997;1;2;5;20;24;30;34;
52;1977;08.02.1997;3;9;13;27;32;37;8;
53;1977;08.02.1997;19;20;26;30;32;37;22;
1;1978;07.01.1978;2;17;22;32;36;40;16;
2;1978;08.02.1997;13;28;30;32;33;40;4;
3;1978;08.02.1997;4;6;10;13;16;22;32;
4;1978;08.02.1997;13;14;16;18;21;35;10;
5;1978;08.02.1997;9;10;22;35;36;37;28;
6;1978;08.02.1997;6;16;21;30;36;40;32;
7;1978;08.02.1997;12;22;29;32;33;36;40;
8;1978;08.02.1997;3;6;17;18;20;28;31;
9;1978;08.02.1997;2;14;20;22;26;39;35;
10;1978;08.02.1997;18;22;26;35;38;40;1;
11;1978;08.02.1997;3;4;22;23;25;30;9;
12;1978;08.02.1997;14;18;20;22;25;27;13;
13;1978;08.02.1997;6;16;21;32;35;37;36;
14;1978;08.02.1997;3;6;11;15;29;31;18;
15;1978;08.02.1997;1;14;16;20;22;26;25;
16;1978;08.02.1997;10;15;17;22;38;40;23;
17;1978;08.02.1997;8;11;26;32;38;40;24;
18;1978;08.02.1997;13;18;19;20;29;33;12;
19;1978;08.02.1997;5;10;18;27;32;39;38;
20;1978;08.02.1997;13;18;30;31;38;39;1;
21;1978;08.02.1997;2;4;17;24;29;39;30;
22;1978;08.02.1997;2;5;10;26;28;39;15;
23;1978;08.02.1997;2;13;15;18;23;33;21;
24;1978;08.02.1997;13;15;16;27;31;35;4;
25;1978;08.02.1997;8;11;21;33;34;38;1;
26;1978;08.02.1997;4;22;27;30;36;40;5;
27;1978;08.02.1997;4;6;8;23;29;33;3;
28;1978;08.02.1997;4;5;18;19;34;36;6;
29;1978;08.02.1997;1;2;9;17;37;38;19;
30;1978;08.02.1997;16;19;25;33;37;38;6;
31;1978;08.02.1997;9;13;19;24;27;39;5;
32;1978;08.02.1997;21;24;26;29;37;40;34;
33;1978;08.02.1997;3;6;13;16;18;22;25;
34;1978;08.02.1997;3;15;18;23;38;39;1;
35;1978;08.02.1997;3;6;7;17;19;22;8;
36;1978;08.02.1997;2;4;15;25;30;36;21;
37;1978;08.02.1997;3;5;8;32;36;37;18;
38;1978;08.02.1997;15;21;23;31;32;38;4;
39;1978;08.02.1997;3;4;15;17;26;30;11;
40;1978;08.02.1997;7;17;20;36;37;39;27;
41;1978;08.02.1997;9;13;20;23;28;35;37;
42;1978;08.02.1997;11;15;19;27;31;38;9;
43;1978;08.02.1997;1;7;14;23;31;36;15;
44;1978;08.02.1997;2;6;17;18;21;23;26;
45;1978;08.02.1997;5;7;10;22;33;39;3;
46;1978;08.02.1997;5;11;17;25;27;30;37;
47;1978;08.02.1997;15;23;24;26;27;39;38;
48;1978;08.02.1997;11;14;25;27;29;31;24;
49;1978;08.02.1997;7;20;23;32;36;39;4;
50;1978;08.02.1997;3;18;26;35;37;40;34;
51;1978;08.02.1997;12;13;16;17;26;37;20;
52;1978;08.02.1997;4;7;14;21;27;33;25;
1;1979;06.01.1979;6;16;17;19;21;30;7;
2;1979;08.02.1997;6;15;17;18;34;39;24;
3;1979;08.02.1997;6;16;21;26;28;37;5;
4;1979;08.02.1997;2;5;10;28;36;37;12;
5;1979;08.02.1997;6;13;23;32;36;39;9;
6;1979;08.02.1997;6;11;18;27;32;40;13;
7;1979;08.02.1997;5;9;17;18;20;28;29;
8;1979;08.02.1997;5;6;14;24;34;36;26;
9;1979;08.02.1997;3;4;11;21;27;32;37;
10;1979;08.02.1997;12;18;20;25;35;38;15;
11;1979;08.02.1997;5;6;12;19;29;39;4;
12;1979;08.02.1997;3;5;16;35;36;37;12;
13;1979;08.02.1997;2;8;17;19;21;40;15;
14;1979;08.02.1997;1;9;15;16;22;26;24;
15;1979;08.02.1997;4;11;15;25;26;36;3;
16;1979;08.02.1997;2;10;14;17;22;31;21;
17;1979;08.02.1997;2;11;15;29;33;40;31;
18;1979;08.02.1997;4;5;8;14;36;41;17;
19;1979;08.02.1997;14;17;20;32;34;41;4;
20;1979;08.02.1997;4;17;36;39;41;42;10;
21;1979;08.02.1997;4;7;11;35;37;42;23;
22;1979;08.02.1997;3;8;10;26;29;34;24;
23;1979;08.02.1997;23;24;29;34;36;42;31;
24;1979;08.02.1997;4;5;8;22;29;37;28;
25;1979;08.02.1997;1;7;8;9;19;40;42;
26;1979;08.02.1997;7;11;18;22;32;41;15;
27;1979;08.02.1997;5;8;26;33;40;41;11;
28;1979;08.02.1997;1;2;4;24;36;42;28;
29;1979;08.02.1997;2;6;13;15;25;33;42;
30;1979;08.02.1997;13;14;26;28;30;40;24;
31;1979;08.02.1997;10;12;16;20;25;26;27;
32;1979;08.02.1997;1;9;16;22;32;39;7;
33;1979;08.02.1997;16;18;22;31;36;38;7;
34;1979;08.02.1997;3;4;5;8;12;14;26;
35;1979;08.02.1997;2;4;9;12;26;38;3;
36;1979;08.02.1997;3;21;29;31;34;38;24;
37;1979;08.02.1997;2;9;12;14;19;34;42;
38;1979;08.02.1997;4;17;18;31;32;33;25;
39;1979;08.02.1997;7;9;10;20;21;32;2;
40;1979;08.02.1997;4;15;18;29;37;40;32;
41;1979;08.02.1997;2;6;10;14;33;39;20;
42;1979;08.02.1997;7;12;23;26;29;36;4;
43;1979;08.02.1997;4;11;23;27;38;42;36;
44;1979;08.02.1997;4;8;14;29;32;34;28;
45;1979;08.02.1997;2;3;5;7;17;39;8;
46;1979;08.02.1997;2;14;28;33;36;41;38;
47;1979;08.02.1997;4;8;17;18;20;39;22;
48;1979;08.02.1997;4;9;13;14;28;39;2;
49;1979;08.02.1997;1;4;21;32;40;41;35;
50;1979;08.02.1997;3;4;7;9;23;38;31;
51;1979;08.02.1997;13;17;25;27;34;40;5;
52;1979;08.02.1997;12;17;23;28;32;38;14;
1;1980;05.01.1980;9;15;22;27;33;37;4;
2;1980;08.02.1997;14;23;26;31;35;37;32;
3;1980;08.02.1997;6;7;22;23;29;36;37;
4;1980;08.02.1997;14;15;17;25;28;38;1;
5;1980;08.02.1997;11;15;20;29;31;37;16;
6;1980;08.02.1997;9;26;29;30;40;42;3;
7;1980;08.02.1997;2;4;13;27;32;40;41;
8;1980;08.02.1997;6;8;28;29;37;40;41;
9;1980;08.02.1997;13;20;21;22;38;42;24;
10;1980;08.02.1997;3;4;13;25;26;29;42;
11;1980;08.02.1997;1;16;27;30;31;37;3;
12;1980;08.02.1997;8;13;14;19;35;42;2;
13;1980;08.02.1997;5;13;23;24;35;38;31;
14;1980;08.02.1997;1;2;8;14;15;24;39;
15;1980;08.02.1997;1;8;12;25;27;35;21;
16;1980;08.02.1997;7;17;18;24;34;39;2;
17;1980;08.02.1997;10;19;20;22;25;28;34;
18;1980;08.02.1997;7;10;24;29;30;38;8;
19;1980;08.02.1997;27;34;35;38;40;42;1;
20;1980;08.02.1997;6;12;15;18;24;32;21;
21;1980;08.02.1997;4;12;15;18;38;41;24;
22;1980;08.02.1997;9;11;13;22;40;41;34;
23;1980;08.02.1997;4;12;27;29;30;40;13;
24;1980;08.02.1997;2;3;4;17;27;41;35;
25;1980;08.02.1997;5;24;25;34;35;38;10;
26;1980;08.02.1997;2;24;27;30;35;42;19;
27;1980;08.02.1997;1;10;17;29;35;36;27;
28;1980;08.02.1997;1;10;16;28;36;41;40;
29;1980;08.02.1997;2;11;15;25;37;40;16;
30;1980;08.02.1997;1;3;4;16;20;39;23;
31;1980;08.02.1997;3;5;9;13;21;33;32;
32;1980;08.02.1997;8;18;19;20;25;29;6;
33;1980;08.02.1997;1;2;25;26;29;31;32;
34;1980;08.02.1997;1;2;9;19;32;41;12;
35;1980;08.02.1997;5;18;20;21;22;28;29;
36;1980;08.02.1997;15;19;20;26;28;33;17;
37;1980;08.02.1997;2;3;9;27;28;35;38;
38;1980;08.02.1997;9;12;15;16;19;29;26;
39;1980;08.02.1997;6;13;15;29;34;42;19;
40;1980;08.02.1997;1;13;27;32;35;40;2;
41;1980;08.02.1997;4;26;31;32;39;42;16;
42;1980;08.02.1997;10;23;24;33;34;39;18;
43;1980;08.02.1997;3;12;18;27;28;42;20;
44;1980;08.02.1997;10;22;28;29;31;38;8;
45;1980;08.02.1997;3;9;20;25;26;28;1;
46;1980;08.02.1997;9;11;14;20;34;37;31;
47;1980;08.02.1997;1;7;29;30;33;42;5;
48;1980;08.02.1997;6;9;15;19;20;28;26;
49;1980;08.02.1997;3;11;19;23;26;40;15;
50;1980;08.02.1997;14;16;25;26;28;29;11;
51;1980;08.02.1997;14;16;28;29;38;41;7;
52;1980;08.02.1997;5;21;25;36;37;38;13;
1;1981;03.01.1981;4;8;10;14;30;39;23;
2;1981;08.02.1997;10;29;31;39;41;42;25;
3;1981;08.02.1997;1;5;14;32;34;41;31;
4;1981;08.02.1997;14;19;23;27;30;40;29;
5;1981;08.02.1997;3;14;16;19;25;35;18;
6;1981;08.02.1997;3;18;21;29;30;35;39;
7;1981;08.02.1997;5;24;27;29;30;38;12;
8;1981;08.02.1997;4;14;16;17;34;37;21;
9;1981;08.02.1997;1;9;12;31;39;42;35;
10;1981;08.02.1997;2;5;12;13;14;25;19;
11;1981;08.02.1997;4;6;12;16;21;36;37;
12;1981;08.02.1997;3;10;12;20;25;36;17;
13;1981;08.02.1997;5;16;22;36;38;40;33;
14;1981;08.02.1997;3;5;11;13;24;42;29;
15;1981;08.02.1997;6;12;14;28;36;37;35;
16;1981;08.02.1997;3;16;18;20;25;38;42;
17;1981;08.02.1997;12;23;28;34;35;38;39;
18;1981;08.02.1997;10;14;19;32;35;38;36;
19;1981;08.02.1997;9;11;15;19;27;38;5;
20;1981;08.02.1997;3;11;13;21;35;42;30;
21;1981;08.02.1997;4;14;23;25;35;37;5;
22;1981;08.02.1997;2;10;22;24;26;42;8;
23;1981;08.02.1997;10;12;14;18;25;31;38;
24;1981;08.02.1997;7;22;24;28;36;40;23;
25;1981;08.02.1997;6;11;36;37;39;40;28;
26;1981;08.02.1997;2;19;21;25;26;30;29;
27;1981;08.02.1997;19;27;31;32;38;40;4;
28;1981;08.02.1997;2;9;15;34;39;41;32;
29;1981;08.02.1997;3;4;6;13;23;31;14;
30;1981;08.02.1997;1;7;12;13;23;36;5;
31;1981;08.02.1997;1;7;8;14;25;33;23;
32;1981;08.02.1997;11;13;17;19;40;42;28;
33;1981;08.02.1997;7;24;33;34;38;40;41;
34;1981;08.02.1997;4;15;20;34;38;39;29;
35;1981;08.02.1997;17;22;23;29;38;40;9;
36;1981;08.02.1997;5;11;13;18;32;42;7;
37;1981;08.02.1997;2;6;8;11;24;28;27;
38;1981;08.02.1997;1;2;18;19;40;42;41;
39;1981;08.02.1997;1;5;8;23;25;31;7;
40;1981;08.02.1997;5;6;16;33;35;42;2;
41;1981;08.02.1997;1;2;4;22;31;38;13;
42;1981;08.02.1997;2;19;24;35;38;39;28;
43;1981;08.02.1997;7;13;16;17;40;41;37;
44;1981;08.02.1997;2;9;15;16;23;31;29;
45;1981;08.02.1997;3;5;6;10;22;37;23;
46;1981;08.02.1997;7;11;15;23;27;35;13;
47;1981;08.02.1997;9;20;29;31;34;37;26;
48;1981;08.02.1997;5;13;16;17;18;22;23;
49;1981;08.02.1997;8;23;31;32;33;39;9;
50;1981;08.02.1997;1;27;30;38;40;42;19;
51;1981;08.02.1997;14;29;35;39;40;41;2;
52;1981;08.02.1997;10;13;16;20;33;35;31;
1;1982;02.01.1982;4;11;17;23;25;39;37;
2;1982;08.02.1997;4;8;16;18;24;33;2;
3;1982;08.02.1997;4;5;10;14;22;23;29;
4;1982;08.02.1997;10;11;13;16;24;31;1;
5;1982;08.02.1997;5;6;17;21;29;30;31;
6;1982;08.02.1997;4;9;28;32;36;41;40;
7;1982;08.02.1997;1;11;15;19;29;42;8;
8;1982;08.02.1997;13;14;20;28;32;34;7;
9;1982;08.02.1997;6;23;28;33;36;39;31;
10;1982;08.02.1997;8;14;17;27;28;30;32;
11;1982;08.02.1997;1;10;19;22;25;39;42;
12;1982;08.02.1997;2;7;19;24;33;36;35;
13;1982;08.02.1997;8;19;20;28;32;33;41;
14;1982;08.02.1997;1;5;8;12;15;27;29;
15;1982;08.02.1997;17;21;28;35;39;40;24;
16;1982;08.02.1997;3;9;14;22;32;39;5;
17;1982;08.02.1997;4;9;16;20;27;31;30;
18;1982;08.02.1997;3;8;20;22;25;32;17;
19;1982;08.02.1997;5;12;23;30;31;37;9;
20;1982;08.02.1997;12;13;18;20;26;29;5;
21;1982;08.02.1997;4;7;12;21;27;32;2;
22;1982;08.02.1997;13;21;29;30;31;36;32;
23;1982;08.02.1997;1;5;12;13;23;40;14;
24;1982;08.02.1997;1;11;12;17;26;29;13;
25;1982;08.02.1997;8;13;21;35;39;41;20;
26;1982;08.02.1997;3;12;15;28;38;42;36;
27;1982;08.02.1997;4;9;21;35;36;38;12;
28;1982;08.02.1997;3;6;28;31;36;37;8;
29;1982;08.02.1997;4;12;18;27;36;38;15;
30;1982;08.02.1997;10;12;17;30;33;35;37;
31;1982;08.02.1997;6;12;26;34;35;39;21;
32;1982;08.02.1997;9;11;12;19;32;41;1;
33;1982;08.02.1997;2;11;12;17;24;35;16;
34;1982;08.02.1997;12;20;28;29;31;42;11;
35;1982;08.02.1997;3;18;21;31;35;37;12;
36;1982;08.02.1997;7;9;18;22;25;30;4;
37;1982;08.02.1997;5;12;15;19;26;29;1;
38;1982;08.02.1997;9;15;28;35;36;40;27;
39;1982;08.02.1997;4;7;16;26;27;29;30;
40;1982;08.02.1997;6;19;27;28;33;35;38;
41;1982;08.02.1997;1;2;16;24;33;41;31;
42;1982;08.02.1997;6;9;20;24;27;33;26;
43;1982;08.02.1997;3;8;12;15;17;34;26;
44;1982;08.02.1997;6;7;9;23;33;35;31;
45;1982;08.02.1997;4;8;15;18;27;36;7;
46;1982;08.02.1997;2;6;23;27;28;33;11;
47;1982;08.02.1997;1;8;15;33;34;42;39;
48;1982;08.02.1997;8;18;23;29;32;39;7;
49;1982;08.02.1997;1;3;6;25;28;30;16;
50;1982;08.02.1997;3;21;27;32;37;42;11;
51;1982;08.02.1997;1;4;7;9;26;35;14;
52;1982;08.02.1997;11;21;24;25;29;34;15;
1;1983;01.01.1983;7;20;22;23;29;33;21;
2;1983;08.02.1997;7;17;19;20;22;39;23;
3;1983;08.02.1997;9;14;23;24;28;33;25;
4;1983;08.02.1997;9;14;25;34;37;42;3;
5;1983;08.02.1997;4;16;17;25;26;36;14;
6;1983;08.02.1997;13;17;25;26;36;39;27;
7;1983;08.02.1997;3;16;21;26;27;33;11;
8;1983;08.02.1997;14;26;27;32;35;42;5;
9;1983;08.02.1997;1;7;11;17;35;38;15;
10;1983;08.02.1997;7;25;32;35;41;42;28;
11;1983;08.02.1997;3;6;7;8;10;25;22;
12;1983;08.02.1997;1;4;13;21;23;26;28;
13;1983;08.02.1997;4;23;28;30;31;32;11;
14;1983;08.02.1997;5;9;10;15;19;40;1;
15;1983;08.02.1997;10;13;14;22;28;39;36;
16;1983;08.02.1997;10;19;21;27;35;41;13;
17;1983;08.02.1997;4;9;12;16;18;19;3;
18;1983;08.02.1997;8;9;18;21;22;33;2;
19;1983;08.02.1997;14;20;24;32;33;37;39;
20;1983;08.02.1997;13;14;15;19;31;33;41;
21;1983;08.02.1997;17;19;28;32;34;35;3;
22;1983;08.02.1997;3;15;25;27;33;34;22;
23;1983;08.02.1997;9;11;19;21;23;25;22;
24;1983;08.02.1997;4;10;15;20;22;35;23;
25;1983;08.02.1997;23;29;32;36;37;39;10;
26;1983;08.02.1997;19;20;26;28;31;37;8;
27;1983;08.02.1997;1;2;18;21;34;41;5;
28;1983;08.02.1997;1;7;12;14;18;42;27;
29;1983;08.02.1997;7;10;11;15;16;23;40;
30;1983;08.02.1997;1;3;6;34;36;41;35;
31;1983;08.02.1997;10;19;29;31;35;40;2;
32;1983;08.02.1997;11;14;15;17;29;32;12;
33;1983;08.02.1997;6;10;13;20;26;29;39;
34;1983;08.02.1997;13;14;25;30;37;42;10;
35;1983;08.02.1997;4;6;7;15;34;39;13;
36;1983;08.02.1997;5;17;21;24;31;36;35;
37;1983;08.02.1997;16;19;20;23;25;26;38;
38;1983;08.02.1997;1;5;10;13;31;39;12;
39;1983;08.02.1997;6;8;12;15;21;33;29;
40;1983;08.02.1997;12;15;20;23;27;31;5;
41;1983;08.02.1997;4;5;12;25;26;41;17;
42;1983;08.02.1997;1;23;29;30;35;36;3;
43;1983;08.02.1997;10;13;20;24;35;42;2;
44;1983;08.02.1997;1;7;12;14;17;28;3;
45;1983;08.02.1997;1;3;19;25;30;35;2;
46;1983;08.02.1997;10;13;16;36;39;42;23;
47;1983;08.02.1997;2;9;24;27;29;35;33;
48;1983;08.02.1997;7;8;11;20;39;41;24;
49;1983;08.02.1997;1;5;17;20;22;26;2;
50;1983;08.02.1997;6;10;17;20;21;27;13;
51;1983;08.02.1997;2;13;19;28;30;35;26;
52;1983;08.02.1997;4;18;24;29;34;36;19;
53;1983;08.02.1997;7;8;9;26;32;42;29;
1;1984;07.01.1984;1;2;3;19;28;34;21;
2;1984;08.02.1997;1;14;15;23;24;41;6;
3;1984;08.02.1997;3;7;28;30;32;41;20;
4;1984;08.02.1997;3;13;22;24;27;38;25;
5;1984;08.02.1997;6;16;18;20;22;30;3;
6;1984;08.02.1997;3;6;9;20;24;42;18;
7;1984;08.02.1997;2;3;7;18;25;42;13;
8;1984;08.02.1997;4;8;9;20;28;35;41;
9;1984;08.02.1997;3;6;12;20;35;38;1;
10;1984;08.02.1997;1;7;10;15;16;39;30;
11;1984;08.02.1997;5;10;15;18;23;34;12;
12;1984;08.02.1997;7;16;24;26;30;32;25;
13;1984;08.02.1997;13;18;29;34;36;40;17;
14;1984;08.02.1997;6;7;12;22;35;36;18;
15;1984;08.02.1997;4;5;6;14;24;34;35;
16;1984;08.02.1997;5;16;19;23;27;35;18;
17;1984;08.02.1997;18;19;23;26;29;35;3;
18;1984;08.02.1997;11;16;17;29;30;35;26;
19;1984;08.02.1997;1;9;11;22;37;38;15;
20;1984;08.02.1997;2;5;9;29;31;40;35;
21;1984;08.02.1997;8;11;19;21;35;38;23;
22;1984;08.02.1997;5;6;16;19;21;38;26;
23;1984;08.02.1997;17;20;21;29;31;34;9;
24;1984;08.02.1997;3;4;11;18;33;42;30;
25;1984;08.02.1997;11;17;19;23;26;35;40;
26;1984;08.02.1997;6;7;8;13;16;21;4;
27;1984;08.02.1997;2;4;8;13;19;42;12;
28;1984;08.02.1997;14;17;26;31;36;41;16;
29;1984;08.02.1997;1;2;4;12;28;30;31;
30;1984;08.02.1997;2;5;8;13;14;27;41;
31;1984;08.02.1997;14;16;17;26;32;34;5;
32;1984;08.02.1997;3;9;12;19;27;34;24;
33;1984;08.02.1997;16;19;30;32;33;42;29;
34;1984;08.02.1997;1;4;14;18;35;39;15;
35;1984;08.02.1997;4;5;9;14;16;28;7;
36;1984;08.02.1997;5;8;9;23;26;33;35;
37;1984;08.02.1997;12;14;29;32;35;37;19;
38;1984;08.02.1997;3;7;18;20;24;29;16;
39;1984;08.02.1997;7;17;20;24;27;39;31;
40;1984;08.02.1997;9;10;14;23;26;28;21;
41;1984;08.02.1997;14;18;20;27;28;36;35;
42;1984;08.02.1997;5;8;11;19;29;35;14;
43;1984;08.02.1997;13;15;18;35;37;41;10;
44;1984;08.02.1997;1;5;7;19;29;34;14;
45;1984;08.02.1997;4;8;9;18;27;28;33;
46;1984;08.02.1997;4;9;17;30;31;34;19;
47;1984;08.02.1997;6;8;19;22;26;41;35;
48;1984;08.02.1997;2;3;21;28;29;30;18;
49;1984;08.02.1997;7;10;14;27;32;40;16;
50;1984;08.02.1997;1;6;19;26;37;42;8;
51;1984;08.02.1997;5;7;11;15;25;26;21;
52;1984;08.02.1997;5;7;14;16;28;36;30;
1;1985;05.01.1985;7;19;22;26;30;41;37;
2;1985;08.02.1997;4;6;9;20;27;42;16;
3;1985;08.02.1997;7;18;20;33;41;42;26;
4;1985;08.02.1997;6;15;16;22;29;40;1;
5;1985;08.02.1997;15;17;18;24;30;36;13;
6;1985;08.02.1997;5;23;28;29;32;38;4;
7;1985;08.02.1997;1;3;5;6;13;32;22;
8;1985;08.02.1997;5;7;8;17;26;29;2;
9;1985;08.02.1997;2;7;10;11;20;38;36;
10;1985;08.02.1997;1;3;11;36;38;42;26;
11;1985;08.02.1997;2;3;9;26;28;30;19;
12;1985;08.02.1997;5;17;26;34;38;39;1;
13;1985;08.02.1997;8;11;16;26;35;39;17;
14;1985;08.02.1997;3;4;9;14;26;29;39;
15;1985;08.02.1997;10;20;23;29;33;39;3;
16;1985;08.02.1997;12;17;24;28;34;37;23;
17;1985;08.02.1997;15;21;23;25;33;36;37;
18;1985;08.02.1997;6;7;9;10;11;27;2;
19;1985;08.02.1997;10;11;15;17;27;35;34;
20;1985;08.02.1997;7;19;24;28;37;38;5;
21;1985;08.02.1997;3;9;24;34;40;42;20;
22;1985;08.02.1997;7;11;13;19;31;41;32;
23;1985;08.02.1997;1;9;22;24;32;37;12;
24;1985;08.02.1997;2;16;17;18;26;28;38;
25;1985;08.02.1997;1;3;8;18;21;23;10;
26;1985;08.02.1997;3;14;22;25;31;35;32;
27;1985;08.02.1997;14;16;22;26;37;42;1;
28;1985;08.02.1997;2;15;16;25;29;31;10;
29;1985;08.02.1997;7;10;17;19;22;38;16;
30;1985;08.02.1997;2;15;16;17;18;21;42;
31;1985;08.02.1997;10;14;18;27;33;35;28;
32;1985;08.02.1997;1;4;8;12;18;26;32;
33;1985;08.02.1997;2;18;23;29;31;40;7;
34;1985;08.02.1997;6;9;18;27;34;42;30;
35;1985;08.02.1997;12;17;19;24;36;38;7;
36;1985;08.02.1997;6;8;11;15;28;30;12;
37;1985;08.02.1997;2;14;28;31;34;39;33;
38;1985;08.02.1997;5;9;15;26;36;39;24;
39;1985;08.02.1997;4;12;14;19;20;24;23;
40;1985;08.02.1997;2;8;14;21;30;35;40;
41;1985;08.02.1997;7;13;22;25;30;33;1;
42;1985;08.02.1997;1;4;20;29;32;35;10;
43;1985;08.02.1997;6;19;23;24;28;29;3;
44;1985;08.02.1997;13;14;15;16;19;20;30;
45;1985;08.02.1997;7;12;18;25;28;31;11;
46;1985;08.02.1997;6;14;15;16;33;42;12;
47;1985;08.02.1997;4;8;9;12;24;31;16;
48;1985;08.02.1997;4;16;17;19;26;31;28;
49;1985;08.02.1997;8;11;16;17;28;34;22;
50;1985;08.02.1997;8;9;13;17;30;31;12;
51;1985;08.02.1997;7;8;20;28;36;42;12;
52;1985;08.02.1997;1;4;9;11;15;37;8;
1;1986;04.01.1986;2;5;9;15;22;28;43;
2;1986;08.02.1997;6;7;12;17;28;34;13;
3;1986;08.02.1997;2;10;25;31;35;38;20;
4;1986;08.02.1997;5;17;30;34;37;43;40;
5;1986;08.02.1997;6;8;13;24;27;43;1;
6;1986;08.02.1997;1;7;13;20;27;31;40;
7;1986;08.02.1997;4;8;26;34;35;37;39;
8;1986;08.02.1997;5;15;19;26;31;40;2;
9;1986;08.02.1997;3;4;19;20;31;41;32;
10;1986;08.02.1997;1;6;26;30;38;40;23;
11;1986;08.02.1997;1;6;7;21;22;40;31;
12;1986;08.02.1997;4;7;13;22;27;32;6;
13;1986;08.02.1997;11;13;23;24;27;45;35;
14;1986;08.02.1997;5;18;24;25;33;41;14;
15;1986;08.02.1997;1;8;12;33;42;43;11;
16;1986;08.02.1997;8;12;26;28;31;37;6;
17;1986;08.02.1997;7;9;13;21;28;29;38;
18;1986;08.02.1997;2;7;18;28;29;32;14;
19;1986;08.02.1997;8;10;11;13;18;30;2;
20;1986;08.02.1997;11;17;18;27;36;45;15;
21;1986;08.02.1997;5;9;17;18;36;44;25;
22;1986;08.02.1997;1;7;18;21;30;38;40;
23;1986;08.02.1997;2;15;20;34;38;42;11;
24;1986;08.02.1997;1;22;26;34;37;44;25;
25;1986;08.02.1997;1;4;9;12;26;36;16;
26;1986;08.02.1997;2;7;15;20;24;27;33;
27;1986;08.02.1997;3;7;9;11;31;35;42;
28;1986;08.02.1997;1;2;3;6;12;26;17;
29;1986;08.02.1997;2;4;20;21;27;31;43;
30;1986;08.02.1997;2;15;22;25;35;40;31;
31;1986;08.02.1997;7;19;22;24;30;42;18;
32;1986;08.02.1997;6;7;12;24;26;42;11;
33;1986;08.02.1997;2;7;21;24;27;39;26;
34;1986;08.02.1997;7;17;29;35;43;45;42;
35;1986;08.02.1997;5;15;17;19;33;39;42;
36;1986;08.02.1997;3;12;13;30;42;44;39;
37;1986;08.02.1997;5;7;16;17;27;44;22;
38;1986;08.02.1997;1;6;13;21;29;40;5;
39;1986;08.02.1997;6;9;19;37;39;40;18;
40;1986;08.02.1997;13;18;20;27;33;41;26;
41;1986;08.02.1997;1;4;26;30;31;33;21;
42;1986;08.02.1997;8;20;21;31;41;42;29;
43;1986;08.02.1997;8;17;20;28;42;45;32;
44;1986;08.02.1997;14;20;22;24;28;34;42;
45;1986;08.02.1997;11;13;17;26;40;44;4;
46;1986;08.02.1997;3;11;15;19;38;45;8;
47;1986;08.02.1997;14;24;37;39;41;44;4;
48;1986;08.02.1997;4;18;26;37;43;45;10;
49;1986;08.02.1997;2;17;22;38;40;41;32;
50;1986;08.02.1997;6;9;12;19;27;29;41;
51;1986;08.02.1997;7;17;21;22;26;28;41;
52;1986;08.02.1997;1;13;15;21;32;41;3;
1;1987;03.01.1987;1;11;27;36;39;44;16;
2;1987;08.02.1997;9;17;20;25;26;28;43;
3;1987;08.02.1997;18;26;34;35;38;45;31;
4;1987;08.02.1997;8;9;10;11;28;45;25;
5;1987;08.02.1997;2;10;23;34;37;42;12;
6;1987;08.02.1997;3;7;13;20;27;43;39;
7;1987;08.02.1997;8;17;20;32;40;43;24;
8;1987;08.02.1997;1;6;27;32;39;43;42;
9;1987;08.02.1997;6;11;18;33;35;39;9;
10;1987;08.02.1997;3;18;24;27;30;41;29;
11;1987;08.02.1997;11;12;14;16;24;31;5;
12;1987;08.02.1997;12;13;14;24;29;42;17;
13;1987;08.02.1997;10;13;27;36;38;45;31;
14;1987;08.02.1997;5;33;35;38;43;44;22;
15;1987;08.02.1997;1;2;14;21;24;44;42;
16;1987;08.02.1997;6;13;24;27;30;31;8;
17;1987;08.02.1997;1;7;27;32;40;41;42;
18;1987;08.02.1997;1;2;3;14;20;21;28;
19;1987;08.02.1997;5;6;15;25;33;34;22;
20;1987;08.02.1997;6;8;20;31;32;35;41;
21;1987;08.02.1997;14;19;21;25;27;39;40;
22;1987;08.02.1997;4;5;8;33;36;41;15;
23;1987;08.02.1997;6;18;24;26;30;34;5;
24;1987;08.02.1997;22;25;36;37;38;42;43;
25;1987;08.02.1997;21;28;29;34;40;42;3;
26;1987;08.02.1997;6;11;19;26;38;44;40;
27;1987;08.02.1997;1;8;10;34;43;45;38;
28;1987;08.02.1997;6;8;11;20;28;41;14;
29;1987;08.02.1997;15;19;37;39;43;45;41;
30;1987;08.02.1997;3;26;28;34;42;45;31;
31;1987;08.02.1997;5;8;11;36;37;44;33;
32;1987;08.02.1997;1;16;18;23;26;40;43;
33;1987;08.02.1997;9;18;19;21;27;36;38;
34;1987;08.02.1997;2;6;19;27;34;40;16;
35;1987;08.02.1997;1;8;14;35;37;43;10;
36;1987;08.02.1997;2;5;8;13;21;36;27;
37;1987;08.02.1997;3;7;19;24;33;36;14;
38;1987;08.02.1997;5;6;16;22;28;42;27;
39;1987;08.02.1997;1;7;14;15;24;26;6;
40;1987;08.02.1997;6;12;19;26;36;43;28;
41;1987;08.02.1997;14;17;18;22;40;42;44;
42;1987;08.02.1997;5;11;19;37;42;44;3;
43;1987;08.02.1997;22;27;28;30;38;42;10;
44;1987;08.02.1997;2;6;7;19;21;25;24;
45;1987;08.02.1997;3;6;12;38;40;45;44;
46;1987;08.02.1997;1;7;9;18;32;33;41;
47;1987;08.02.1997;4;13;18;23;35;44;28;
48;1987;08.02.1997;17;25;35;36;42;44;2;
49;1987;08.02.1997;1;2;9;12;31;44;22;
50;1987;08.02.1997;3;4;14;20;26;30;11;
51;1987;08.02.1997;31;32;33;38;40;43;19;
52;1987;08.02.1997;16;17;19;20;22;29;44;
53;1987;08.02.1997;3;11;17;32;33;37;22;
1;1988;09.01.1988;1;8;11;20;22;40;18;
2;1988;08.02.1997;22;25;29;37;41;44;33;
3;1988;08.02.1997;3;4;6;18;40;44;25;
4;1988;08.02.1997;1;11;14;17;41;45;15;
5;1988;08.02.1997;1;15;21;22;24;32;39;
6;1988;08.02.1997;1;18;23;30;31;36;26;
7;1988;08.02.1997;6;13;14;28;29;38;44;
8;1988;08.02.1997;7;12;21;33;42;45;38;
9;1988;08.02.1997;10;12;16;25;33;36;27;
10;1988;08.02.1997;7;9;13;17;21;40;44;
11;1988;08.02.1997;4;21;25;32;33;35;1;
12;1988;08.02.1997;1;13;23;30;42;44;43;
13;1988;08.02.1997;3;7;8;19;28;42;5;
14;1988;08.02.1997;3;6;7;27;30;38;44;
15;1988;08.02.1997;6;9;18;31;33;43;17;
16;1988;08.02.1997;2;19;22;24;29;38;21;
17;1988;08.02.1997;3;6;7;20;23;34;41;
18;1988;08.02.1997;16;22;33;38;42;45;31;
19;1988;08.02.1997;15;18;28;32;40;43;45;
20;1988;08.02.1997;8;20;30;35;36;41;12;
21;1988;08.02.1997;2;9;21;24;29;36;23;
22;1988;08.02.1997;8;12;25;26;27;30;7;
23;1988;08.02.1997;7;10;12;14;29;41;35;
24;1988;08.02.1997;1;3;5;9;14;35;43;812163
25;1988;08.02.1997;5;10;21;30;41;42;36;599789
26;1988;08.02.1997;17;21;22;33;40;41;12;027560
27;1988;08.02.1997;1;2;3;7;17;23;45;886529
28;1988;08.02.1997;1;4;19;34;36;41;27;984518
29;1988;08.02.1997;10;13;17;19;37;43;23;801957
30;1988;08.02.1997;13;14;15;22;34;44;17;657895
31;1988;08.02.1997;4;10;13;25;32;35;20;052164
32;1988;08.02.1997;14;19;28;33;36;42;20;860119
33;1988;08.02.1997;22;26;29;37;44;45;31;222273
34;1988;08.02.1997;3;20;28;30;35;45;23;919609
35;1988;08.02.1997;4;21;25;34;39;43;17;977181
36;1988;08.02.1997;4;7;10;15;16;28;35;101341
37;1988;08.02.1997;2;4;9;18;32;39;3;609253
38;1988;08.02.1997;8;16;21;31;36;38;40;207550
39;1988;08.02.1997;1;8;9;24;27;35;42;397523
40;1988;08.02.1997;4;5;10;14;17;24;25;434278
41;1988;08.02.1997;2;22;24;32;41;45;8;713597
42;1988;08.02.1997;2;16;35;37;42;43;24;899977
43;1988;08.02.1997;7;8;10;22;29;40;37;955665
44;1988;08.02.1997;2;13;23;30;33;37;26;077082
45;1988;08.02.1997;5;9;10;26;27;31;25;275245
46;1988;08.02.1997;3;5;22;27;31;45;44;400833
47;1988;08.02.1997;2;10;23;34;36;42;37;466326
48;1988;08.02.1997;5;6;16;26;27;35;38;929290
49;1988;08.02.1997;4;18;20;36;37;38;5;863233
50;1988;08.02.1997;11;15;18;33;34;41;43;639649
51;1988;08.02.1997;1;2;4;9;10;35;37;148915
52;1988;08.02.1997;6;15;18;30;37;39;1;525607
1;1989;07.01.1989;24;25;28;34;43;45;41;
2;1989;08.02.1997;27;28;39;40;42;44;4;
3;1989;08.02.1997;4;5;11;22;26;42;16;
4;1989;08.02.1997;7;13;23;25;29;33;26;
5;1989;08.02.1997;20;21;25;29;31;43;23;
6;1989;08.02.1997;17;24;36;38;39;42;34;
7;1989;08.02.1997;7;14;22;25;39;40;36;
8;1989;08.02.1997;3;13;16;20;40;45;35;
9;1989;08.02.1997;1;6;12;21;24;40;29;
10;1989;08.02.1997;13;15;22;23;26;30;32;
11;1989;08.02.1997;13;20;21;33;40;45;24;
12;1989;08.02.1997;6;19;23;26;28;38;39;
13;1989;08.02.1997;18;19;22;36;38;43;21;
14;1989;08.02.1997;2;7;8;23;27;45;37;
15;1989;08.02.1997;4;6;9;11;19;23;31;
16;1989;08.02.1997;9;15;16;24;35;38;45;
17;1989;08.02.1997;4;8;17;19;26;41;44;
18;1989;08.02.1997;2;8;24;39;40;41;37;
19;1989;08.02.1997;3;4;8;10;35;39;22;
20;1989;08.02.1997;2;3;6;9;40;45;19;
21;1989;08.02.1997;1;8;12;27;32;40;17;
22;1989;08.02.1997;1;9;16;26;34;43;45;
23;1989;08.02.1997;12;16;17;23;31;41;13;
24;1989;08.02.1997;1;3;6;32;37;41;44;
25;1989;08.02.1997;4;21;24;28;33;42;9;
26;1989;08.02.1997;3;11;21;30;33;42;6;
27;1989;08.02.1997;2;5;17;23;24;40;9;
28;1989;08.02.1997;1;2;3;16;17;35;15;
29;1989;08.02.1997;4;8;17;23;40;41;24;
30;1989;08.02.1997;2;13;34;35;40;44;23;
31;1989;08.02.1997;6;32;34;36;38;45;9;
32;1989;08.02.1997;1;3;15;28;34;41;45;
33;1989;08.02.1997;9;13;16;17;36;40;43;
34;1989;08.02.1997;6;8;9;18;21;27;25;
35;1989;08.02.1997;3;14;17;24;25;33;11;
36;1989;08.02.1997;3;10;15;25;28;39;9;
37;1989;08.02.1997;1;7;16;24;29;45;13;
38;1989;08.02.1997;13;15;18;22;25;38;14;
39;1989;08.02.1997;9;12;16;17;25;32;13;
40;1989;08.02.1997;5;17;23;28;36;38;32;
41;1989;08.02.1997;1;5;20;22;27;41;15;
42;1989;08.02.1997;4;6;10;12;27;45;21;
43;1989;08.02.1997;14;15;17;25;32;41;24;
44;1989;08.02.1997;1;7;11;21;25;34;10;
45;1989;08.02.1997;4;18;30;36;43;44;15;
46;1989;08.02.1997;8;11;25;37;38;44;27;
47;1989;08.02.1997;11;17;23;33;37;43;38;
48;1989;08.02.1997;5;10;17;27;36;39;1;
49;1989;08.02.1997;2;3;10;13;21;44;18;
50;1989;08.02.1997;10;34;36;37;39;41;24;
51;1989;08.02.1997;22;24;25;36;37;40;30;
52;1989;08.02.1997;20;24;31;40;42;44;26;
1;1990;06.01.1990;1;13;16;29;40;41;25;
2;1990;08.02.1997;4;15;20;30;42;43;18;
3;1990;08.02.1997;2;7;17;21;24;41;22;
4;1990;08.02.1997;12;25;32;35;42;44;27;
5;1990;08.02.1997;8;14;17;25;31;36;10;
6;1990;08.02.1997;3;4;10;11;14;43;9;
7;1990;08.02.1997;2;18;23;28;30;36;32;
8;1990;08.02.1997;1;2;10;13;23;32;17;
9;1990;08.02.1997;25;29;30;31;35;42;34;
10;1990;08.02.1997;11;14;20;23;29;38;12;
11;1990;08.02.1997;6;12;16;20;34;43;15;
12;1990;08.02.1997;5;13;18;22;23;29;1;
13;1990;08.02.1997;7;10;12;20;22;41;11;
14;1990;08.02.1997;15;18;19;24;25;40;12;
15;1990;08.02.1997;6;8;19;20;29;36;10;
16;1990;08.02.1997;11;29;30;34;37;38;44;
17;1990;08.02.1997;1;4;5;10;26;34;22;
18;1990;08.02.1997;4;8;15;19;25;32;45;
19;1990;08.02.1997;5;18;19;28;32;40;26;
20;1990;08.02.1997;5;14;25;27;36;41;15;
21;1990;08.02.1997;8;11;13;29;34;42;23;
22;1990;08.02.1997;8;19;22;24;28;38;9;
23;1990;08.02.1997;1;8;19;27;28;36;25;
24;1990;08.02.1997;11;18;23;39;42;44;6;
25;1990;08.02.1997;10;15;18;25;26;28;7;
26;1990;08.02.1997;4;9;11;23;33;44;3;
27;1990;08.02.1997;11;22;27;41;42;44;16;
28;1990;08.02.1997;12;15;17;31;38;44;36;
29;1990;08.02.1997;20;22;23;28;37;38;14;
30;1990;08.02.1997;10;22;27;40;44;45;14;
31;1990;08.02.1997;10;12;21;26;32;43;33;
32;1990;08.02.1997;13;16;21;24;30;41;12;
33;1990;08.02.1997;9;12;14;38;42;43;10;
34;1990;08.02.1997;1;6;13;21;22;27;3;
35;1990;08.02.1997;15;17;26;38;39;43;9;
36;1990;08.02.1997;17;19;23;30;32;34;26;
37;1990;08.02.1997;1;8;34;35;36;41;14;
38;1990;08.02.1997;1;2;19;23;26;44;34;
39;1990;08.02.1997;13;15;18;25;28;39;42;
40;1990;08.02.1997;20;24;26;27;34;35;17;
41;1990;08.02.1997;1;7;16;22;29;31;34;
42;1990;08.02.1997;9;10;18;30;34;42;33;
43;1990;08.02.1997;1;6;10;21;41;45;29;
44;1990;08.02.1997;1;12;18;24;29;45;43;
45;1990;08.02.1997;6;21;24;33;35;42;44;
46;1990;08.02.1997;1;15;26;30;31;34;9;
47;1990;08.02.1997;3;7;10;11;12;40;34;
48;1990;08.02.1997;1;9;16;20;29;42;37;
49;1990;08.02.1997;1;15;23;36;37;42;39;
50;1990;08.02.1997;8;10;13;22;41;44;18;
51;1990;08.02.1997;2;12;21;24;39;42;23;
52;1990;08.02.1997;7;11;12;15;24;30;32;
1;1991;05.01.1991;10;15;16;21;27;36;6;
2;1991;08.02.1997;27;29;31;34;38;45;15;
3;1991;08.02.1997;11;13;20;23;31;33;2;
4;1991;08.02.1997;1;3;12;30;33;36;24;
5;1991;08.02.1997;18;22;24;30;31;39;21;
6;1991;08.02.1997;3;20;22;24;32;37;35;
7;1991;08.02.1997;1;9;19;24;26;31;8;
8;1991;08.02.1997;13;15;18;25;40;44;29;
9;1991;08.02.1997;1;3;8;10;34;39;29;
10;1991;08.02.1997;4;10;20;26;38;41;30;
11;1991;08.02.1997;5;28;30;36;37;42;22;
12;1991;08.02.1997;11;12;18;30;34;35;21;
13;1991;08.02.1997;2;10;13;29;35;44;17;
14;1991;08.02.1997;7;10;15;26;42;44;32;
15;1991;08.02.1997;6;8;16;33;37;45;25;
16;1991;08.02.1997;1;19;38;39;41;42;6;
17;1991;08.02.1997;1;13;21;24;30;45;5;
18;1991;08.02.1997;9;11;29;40;43;44;27;
19;1991;08.02.1997;20;26;27;28;35;36;22;
20;1991;08.02.1997;6;8;13;28;41;44;32;
21;1991;08.02.1997;8;14;24;28;31;36;39;
22;1991;08.02.1997;2;9;11;19;37;39;15;
23;1991;08.02.1997;2;15;20;29;34;45;3;
24;1991;08.02.1997;9;13;16;25;27;43;12;
25;1991;08.02.1997;13;17;28;31;32;34;38;
26;1991;08.02.1997;12;15;27;33;38;41;1;
27;1991;08.02.1997;12;19;22;27;29;31;45;
28;1991;08.02.1997;14;17;23;26;33;42;5;
29;1991;08.02.1997;2;3;32;34;42;44;21;
30;1991;08.02.1997;1;15;28;30;40;41;45;
31;1991;08.02.1997;2;13;34;36;43;45;4;
32;1991;08.02.1997;9;10;11;19;27;43;15;
33;1991;08.02.1997;10;15;25;34;40;44;4;
34;1991;08.02.1997;1;2;3;27;30;35;32;
35;1991;08.02.1997;9;12;27;29;36;42;32;
36;1991;08.02.1997;4;10;12;17;30;31;14;
37;1991;08.02.1997;2;15;17;22;26;29;27;
38;1991;08.02.1997;7;8;14;18;25;30;23;
39;1991;08.02.1997;6;9;13;22;31;34;20;
40;1991;08.02.1997;1;3;6;15;22;25;42;
41;1991;08.02.1997;6;9;13;18;34;40;12;
42;1991;08.02.1997;4;18;20;25;29;36;15;
43;1991;08.02.1997;7;16;18;23;40;42;8;
44;1991;08.02.1997;4;15;22;32;34;42;37;
45;1991;08.02.1997;1;8;13;23;24;42;39;
46;1991;08.02.1997;9;14;20;31;35;37;29;
47;1991;08.02.1997;3;8;21;24;29;44;25;
48;1991;08.02.1997;4;12;14;21;42;44;7;
49;1991;08.02.1997;18;20;22;23;31;40;28;
50;1991;08.02.1997;1;2;25;38;42;45;20;
51;1991;08.02.1997;6;9;14;37;41;45;8;
52;1991;08.02.1997;8;10;11;24;41;44;15;
1;1992;08.02.1997;12;20;21;22;30;42;31;
2;1992;08.02.1997;2;3;9;22;29;45;36;
3;1992;08.02.1997;4;6;7;16;19;28;40;
4;1992;08.02.1997;8;24;25;28;29;42;11;
5;1992;08.02.1997;8;10;28;38;42;44;5;
6;1992;08.02.1997;5;16;28;29;36;45;14;
7;1992;08.02.1997;4;9;25;26;32;36;45;
8;1992;08.02.1997;11;12;14;32;41;45;42;
9;1992;08.02.1997;12;13;15;24;42;45;35;
10;1992;08.02.1997;2;27;32;34;37;39;42;
11;1992;08.02.1997;1;7;23;26;32;35;45;
12;1992;08.02.1997;9;14;23;25;29;33;3;
13;1992;08.02.1997;2;6;12;13;30;34;41;
14;1992;08.02.1997;8;20;31;40;41;44;5;
15;1992;08.02.1997;6;7;22;34;35;36;23;
16;1992;08.02.1997;12;21;30;38;41;42;45;
17;1992;08.02.1997;2;9;16;34;36;44;41;
18;1992;08.02.1997;1;9;10;11;37;42;30;
19;1992;08.02.1997;1;8;15;19;24;32;29;
20;1992;08.02.1997;2;5;11;32;34;44;10;
21;1992;08.02.1997;7;21;22;32;39;42;40;
22;1992;08.02.1997;10;17;28;32;35;40;21;
23;1992;08.02.1997;1;6;22;24;26;37;31;
24;1992;08.02.1997;1;4;16;18;23;40;17;
25;1992;08.02.1997;10;19;24;26;32;45;21;
26;1992;08.02.1997;1;14;17;28;37;43;13;
27;1992;08.02.1997;1;4;17;19;21;36;5;
28;1992;08.02.1997;1;7;16;31;36;45;2;
29;1992;08.02.1997;5;8;14;18;37;44;23;
30;1992;08.02.1997;4;12;15;22;29;42;16;
31;1992;08.02.1997;22;27;37;39;43;44;40;
32;1992;08.02.1997;3;9;18;22;35;45;10;
33;1992;08.02.1997;5;28;30;35;37;40;18;
34;1992;08.02.1997;14;22;23;31;34;42;25;
35;1992;08.02.1997;4;9;14;29;31;37;41;
36;1992;08.02.1997;14;16;17;27;36;43;11;
37;1992;08.02.1997;5;17;24;29;36;38;37;
38;1992;08.02.1997;16;18;20;24;28;34;14;
39;1992;08.02.1997;2;15;26;33;40;41;13;
40;1992;08.02.1997;2;4;8;27;28;45;7;
41;1992;08.02.1997;5;6;7;8;14;44;42;
42;1992;08.02.1997;25;26;27;29;34;41;1;
43;1992;08.02.1997;2;13;22;25;36;42;31;
44;1992;08.02.1997;7;17;29;31;33;35;28;
45;1992;08.02.1997;2;10;29;36;42;45;16;
46;1992;08.02.1997;1;8;10;12;32;45;44;
47;1992;08.02.1997;2;16;24;25;27;29;7;
48;1992;08.02.1997;22;23;30;32;36;37;24;
49;1992;08.02.1997;2;11;16;21;24;37;6;
50;1992;08.02.1997;1;10;27;36;37;42;41;
51;1992;08.02.1997;7;9;11;21;40;44;15;
52;1992;08.02.1997;1;8;9;10;13;17;18;
53;1992;08.02.1997;5;18;30;34;37;40;22;
1;1993;08.02.1997;1;6;11;22;29;45;28;
2;1993;08.02.1997;1;8;13;16;17;34;6;
3;1993;08.02.1997;5;14;22;27;32;40;1;
4;1993;08.02.1997;21;22;25;28;36;39;24;
5;1993;08.02.1997;3;6;25;31;32;39;9;
6;1993;08.02.1997;16;19;26;28;30;41;21;
7;1993;08.02.1997;3;14;24;28;32;42;17;
8;1993;08.02.1997;9;20;26;29;34;43;23;
9;1993;08.02.1997;9;10;12;18;30;39;4;
10;1993;08.02.1997;3;4;7;19;27;38;1;
11;1993;08.02.1997;4;14;20;22;26;38;15;
12;1993;08.02.1997;8;9;10;13;24;29;36;
13;1993;08.02.1997;12;13;14;30;37;45;5;
14;1993;08.02.1997;4;11;12;17;36;44;32;
15;1993;08.02.1997;3;9;32;33;39;45;2;
16;1993;08.02.1997;1;15;22;26;30;34;18;
17;1993;08.02.1997;7;20;24;33;35;45;1;
18;1993;08.02.1997;9;22;23;27;38;39;19;
19;1993;08.02.1997;6;9;13;23;33;39;3;
20;1993;08.02.1997;9;16;20;32;41;45;40;
21;1993;08.02.1997;1;3;10;11;40;41;5;
22;1993;08.02.1997;16;22;29;30;35;37;36;
23;1993;08.02.1997;6;14;20;31;41;42;22;
24;1993;08.02.1997;3;5;11;21;28;45;14;
25;1993;08.02.1997;13;14;23;26;33;34;28;
26;1993;08.02.1997;18;22;31;37;40;43;10;
27;1993;08.02.1997;6;21;23;29;43;44;35;
28;1993;08.02.1997;2;5;11;24;32;45;18;
29;1993;08.02.1997;1;3;4;13;19;41;39;
30;1993;08.02.1997;4;19;21;22;27;31;20;
31;1993;08.02.1997;10;16;19;22;30;34;42;
32;1993;08.02.1997;1;12;15;24;28;30;18;
33;1993;08.02.1997;10;11;15;24;41;45;26;
34;1993;08.02.1997;6;22;28;29;32;34;45;
35;1993;08.02.1997;11;14;15;22;24;35;32;
36;1993;08.02.1997;2;5;13;30;35;36;42;
37;1993;08.02.1997;1;6;30;31;32;34;14;
38;1993;08.02.1997;12;18;24;30;34;36;38;
39;1993;08.02.1997;16;18;26;27;35;44;31;
40;1993;08.02.1997;18;22;24;29;38;40;37;
41;1993;08.02.1997;13;25;29;34;38;43;6;
42;1993;08.02.1997;31;35;36;37;39;41;1;
43;1993;08.02.1997;2;9;14;16;27;32;21;
44;1993;08.02.1997;10;14;23;25;37;44;9;
45;1993;08.02.1997;1;2;8;12;25;27;43;
46;1993;08.02.1997;7;9;32;37;41;45;31;
47;1993;08.02.1997;11;18;21;24;33;42;2;
48;1993;08.02.1997;5;6;19;24;28;30;32;
49;1993;08.02.1997;13;31;32;33;35;38;12;
50;1993;08.02.1997;26;27;28;31;36;38;43;
51;1993;08.02.1997;15;19;23;26;38;44;29;
52;1993;08.02.1997;5;8;9;18;27;41;29;
1;1994;08.02.1997;3;14;15;18;23;42;31;
2;1994;08.02.1997;5;8;15;32;40;45;41;
3;1994;08.02.1997;1;7;19;20;37;38;41;
4;1994;08.02.1997;10;17;21;23;25;31;28;
5;1994;08.02.1997;3;12;30;34;39;43;13;
6;1994;08.02.1997;2;3;6;9;13;45;7;
7;1994;08.02.1997;9;21;26;33;36;42;39;
8;1994;08.02.1997;9;12;14;16;27;32;23;
9;1994;08.02.1997;1;6;15;18;19;24;30;
10;1994;08.02.1997;6;24;27;28;32;45;26;
11;1994;08.02.1997;8;10;21;28;34;36;20;
12;1994;08.02.1997;2;4;6;17;28;41;24;
13;1994;08.02.1997;3;5;27;38;39;41;24;
14;1994;08.02.1997;6;8;33;35;40;45;44;
15;1994;08.02.1997;3;10;14;26;39;41;35;
16;1994;08.02.1997;9;22;26;29;31;38;41;
17;1994;08.02.1997;7;11;19;21;26;36;24;
18;1994;08.02.1997;4;23;37;38;40;44;35;
19;1994;08.02.1997;6;7;8;25;26;36;17;
20;1994;08.02.1997;3;6;16;18;39;40;28;
21;1994;08.02.1997;2;10;14;17;25;41;30;
22;1994;08.02.1997;5;15;21;27;37;43;30;
23;1994;08.02.1997;10;13;22;23;34;43;27;
24;1994;08.02.1997;1;24;33;36;38;42;18;
25;1994;08.02.1997;3;12;15;23;24;26;10;
26;1994;08.02.1997;4;28;32;34;38;43;42;
27;1994;08.02.1997;5;14;29;35;36;42;15;
28;1994;08.02.1997;1;3;14;30;31;33;36;
29;1994;08.02.1997;9;11;21;26;31;37;5;
30;1994;08.02.1997;21;26;28;35;40;41;17;
31;1994;08.02.1997;20;23;25;29;30;44;34;
32;1994;08.02.1997;17;25;30;38;39;42;34;
33;1994;08.02.1997;10;19;22;31;40;45;32;
34;1994;08.02.1997;9;17;30;31;35;37;38;
35;1994;08.02.1997;2;4;5;17;22;24;8;
36;1994;08.02.1997;2;3;11;33;37;40;13;
37;1994;08.02.1997;7;8;22;23;32;37;45;
38;1994;08.02.1997;2;7;9;20;30;37;26;
39;1994;08.02.1997;4;23;31;36;42;45;17;
40;1994;08.02.1997;1;2;6;9;34;37;32;
41;1994;08.02.1997;18;24;35;38;39;43;2;
42;1994;08.02.1997;9;17;22;23;32;44;38;
43;1994;08.02.1997;7;23;31;39;40;45;38;
44;1994;08.02.1997;1;3;4;24;27;31;40;
45;1994;08.02.1997;8;22;25;26;28;45;17;
46;1994;08.02.1997;7;9;13;23;36;39;14;
47;1994;08.02.1997;6;8;26;34;42;45;36;
48;1994;08.02.1997;7;8;25;27;30;33;1;
49;1994;08.02.1997;3;14;22;24;33;36;32;
50;1994;08.02.1997;2;11;18;32;34;45;39;
51;1994;08.02.1997;3;16;19;25;27;33;41;
52;1994;08.02.1997;12;15;24;27;32;40;44;
1;1995;08.02.1997;3;13;16;24;25;38;33;
2;1995;08.02.1997;8;17;39;40;42;44;31;
3;1995;08.02.1997;7;9;10;14;32;41;28;
4;1995;08.02.1997;1;9;14;37;42;43;31;
5;1995;08.02.1997;1;4;12;15;33;36;45;
6;1995;08.02.1997;8;14;17;18;26;36;19;
7;1995;08.02.1997;15;24;28;32;34;39;23;
8;1995;08.02.1997;6;9;23;29;36;40;25;
9;1995;08.02.1997;10;20;24;28;31;43;4;
10;1995;08.02.1997;5;7;12;30;32;41;10;
11;1995;08.02.1997;2;24;32;34;43;44;6;
12;1995;08.02.1997;3;9;18;20;24;40;34;
13;1995;08.02.1997;2;8;19;22;33;39;12;
14;1995;08.02.1997;6;11;16;26;41;45;12;
15;1995;08.02.1997;1;14;17;19;31;36;7;
16;1995;08.02.1997;6;9;11;13;35;40;2;
17;1995;08.02.1997;5;16;18;22;34;36;8;
18;1995;08.02.1997;7;15;21;26;38;41;2;
19;1995;08.02.1997;5;13;16;21;26;44;33;
20;1995;08.02.1997;14;19;21;30;39;42;32;
21;1995;08.02.1997;5;7;11;14;25;36;41;
22;1995;08.02.1997;10;11;16;25;28;45;24;
23;1995;08.02.1997;12;14;18;38;41;45;9;
24;1995;08.02.1997;5;17;31;33;34;36;22;
25;1995;08.02.1997;2;3;19;20;22;40;1;
26;1995;08.02.1997;12;16;22;23;38;41;28;
27;1995;08.02.1997;2;16;19;22;24;45;27;
28;1995;08.02.1997;1;7;15;18;24;28;22;
29;1995;08.02.1997;3;9;16;26;37;42;12;
30;1995;08.02.1997;2;7;14;21;26;43;4;
31;1995;08.02.1997;2;6;22;23;36;40;35;
32;1995;08.02.1997;1;2;6;17;21;32;31;
33;1995;08.02.1997;7;8;12;23;29;39;21;
34;1995;08.02.1997;3;4;22;28;32;34;41;
35;1995;08.02.1997;17;22;23;35;36;39;42;
36;1995;08.02.1997;16;21;24;25;29;33;12;
37;1995;08.02.1997;14;16;20;27;35;38;39;
38;1995;08.02.1997;5;7;19;26;43;44;14;
39;1995;08.02.1997;7;11;13;20;21;35;29;
40;1995;08.02.1997;11;12;28;32;36;38;43;
41;1995;08.02.1997;8;9;28;32;33;36;43;
42;1995;08.02.1997;2;6;10;24;30;35;28;
43;1995;08.02.1997;6;9;18;31;32;45;36;
44;1995;08.02.1997;7;11;18;28;29;45;37;
45;1995;08.02.1997;1;6;17;19;21;31;32;
46;1995;08.02.1997;12;21;28;36;39;45;41;
47;1995;08.02.1997;1;13;19;23;27;36;4;
48;1995;08.02.1997;5;16;18;35;38;44;39;
49;1995;08.02.1997;13;23;29;32;40;42;3;
50;1995;08.02.1997;10;23;25;29;37;45;2;
51;1995;08.02.1997;1;2;20;25;34;39;36;
52;1995;08.02.1997;1;6;10;37;38;45;39;
1;1996;08.02.1997;2;12;19;30;40;42;27;
2;1996;08.02.1997;2;8;13;14;43;45;18;
3;1996;08.02.1997;13;17;26;27;28;41;34;
4;1996;08.02.1997;6;16;22;33;42;43;37;
5;1996;08.02.1997;8;11;19;23;29;35;33;
6;1996;08.02.1997;4;6;29;34;38;41;44;
7;1996;08.02.1997;3;11;21;23;34;35;14;
8;1996;08.02.1997;2;10;12;29;31;40;25;
9;1996;08.02.1997;19;21;24;25;33;37;16;
10;1996;08.02.1997;18;25;29;32;36;40;30;
11;1996;08.02.1997;4;6;18;20;26;29;41;
12;1996;08.02.1997;5;6;11;20;21;32;3;
13;1996;08.02.1997;2;8;10;17;20;25;38;
14;1996;08.02.1997;19;26;31;39;44;45;3;
15;1996;08.02.1997;4;6;7;28;37;39;20;
16;1996;08.02.1997;10;14;18;21;25;41;4;
17;1996;08.02.1997;2;3;25;35;43;44;45;
18;1996;08.02.1997;4;10;14;16;38;40;20;
19;1996;08.02.1997;2;3;16;22;28;38;33;
20;1996;08.02.1997;1;4;18;24;36;43;38;
21;1996;08.02.1997;4;8;9;11;27;35;37;
22;1996;08.02.1997;6;13;15;22;27;31;37;
23;1996;08.02.1997;1;2;7;19;32;35;13;
24;1996;08.02.1997;1;2;9;17;18;23;5;
25;1996;08.02.1997;1;5;18;19;28;33;38;
26;1996;08.02.1997;6;9;12;19;34;39;17;
27;1996;08.02.1997;1;9;15;20;41;43;31;
28;1996;08.02.1997;2;15;18;27;30;35;38;
29;1996;08.02.1997;3;8;13;14;23;30;12;
30;1996;08.02.1997;29;31;35;40;43;45;7;
31;1996;08.02.1997;6;8;22;27;32;36;20;
32;1996;08.02.1997;13;25;29;30;34;38;42;
33;1996;08.02.1997;1;5;10;25;29;45;7;
34;1996;08.02.1997;22;25;28;35;36;43;11;
35;1996;08.02.1997;16;19;20;24;27;34;17;
36;1996;08.02.1997;14;21;30;31;40;42;43;
37;1996;08.02.1997;2;20;21;27;40;42;26;
38;1996;08.02.1997;8;13;17;18;29;41;14;
39;1996;08.02.1997;7;18;20;30;33;42;1;
40;1996;08.02.1997;3;5;27;28;33;38;16;
41;1996;08.02.1997;2;3;6;7;21;39;15;
42;1996;08.02.1997;4;10;19;28;36;38;14;
43;1996;08.02.1997;4;8;14;21;22;32;31;
44;1996;08.02.1997;1;10;12;22;24;39;11;
45;1996;08.02.1997;6;12;28;29;32;44;21;
46;1996;08.02.1997;6;13;14;15;33;43;25;
47;1996;08.02.1997;3;15;23;28;35;43;32;
48;1996;08.02.1997;5;10;12;20;33;44;28;
49;1996;08.02.1997;24;25;26;27;30;37;15;
50;1996;08.02.1997;6;22;34;40;43;45;19;
51;1996;08.02.1997;22;29;38;39;41;42;32;
52;1996;08.02.1997;6;9;24;26;29;35;3;
1;1997;04.01.1997;8;12;30;38;39;42;22;924006
2;1997;08.01.1997;15;27;36;37;41;43;25;615836
3;1997;11.01.1997;16;19;22;28;30;33;42;877779
4;1997;15.01.1997;11;26;27;35;38;45;23;183033
5;1997;18.01.1997;7;18;19;36;37;45;44;627498
6;1997;22.01.1997;13;20;31;33;37;42;25;980670
7;1997;25.01.1997;7;10;20;21;34;44;25;791891
8;1997;29.01.1997;5;17;21;32;36;40;24;574323
9;1997;01.02.1997;3;4;10;14;16;43;23;524651
10;1997;05.02.1997;15;20;23;27;30;33;37;616820
11;1997;08.02.1997;5;8;11;23;26;32;29;254898
12;1997;12.02.1997;3;6;30;37;40;44;9;474095
13;1997;15.02.1997;10;16;36;37;44;45;34;266201
14;1997;19.02.1997;2;13;14;23;25;27;12;203652
15;1997;22.02.1997;1;13;18;26;29;42;31;795556
16;1997;26.02.1997;1;2;13;18;24;44;42;146627
17;1997;01.03.1997;3;5;18;23;29;44;35;704040
18;1997;05.03.1997;6;14;29;31;39;40;35;927822
19;1997;08.03.1997;2;7;9;19;22;27;35;804806
20;1997;12.03.1997;5;26;27;35;40;43;30;631051
21;1997;15.03.1997;22;27;28;30;33;45;29;990376
22;1997;19.03.1997;11;20;23;27;35;36;16;742111
23;1997;22.03.1997;5;9;23;25;28;44;12;283473
24;1997;26.03.1997;11;20;21;25;33;34;35;725773
25;1997;29.03.1997;3;4;31;36;37;38;9;867903
26;1997;02.04.1997;8;9;20;32;35;42;38;060315
27;1997;05.04.1997;9;14;31;36;38;40;22;745795
28;1997;09.04.1997;5;12;30;34;38;45;4;890454
29;1997;12.04.1997;6;7;19;26;29;38;22;972240
30;1997;16.04.1997;9;13;18;39;43;44;38;612906
31;1997;19.04.1997;9;11;15;24;25;36;2;833630
32;1997;23.04.1997;23;25;28;30;35;37;2;488012
33;1997;26.04.1997;3;16;18;26;31;36;22;402555
34;1997;30.04.1997;3;6;7;24;25;43;13;412444
35;1997;03.05.1997;9;12;20;28;31;32;42;127500
36;1997;07.05.1997;5;7;9;22;29;32;35;759453
37;1997;10.05.1997;19;20;32;39;42;44;25;823333
38;1997;14.05.1997;5;19;24;26;31;41;35;995018
39;1997;17.05.1997;8;16;31;32;33;44;7;147994
40;1997;21.05.1997;12;15;18;19;28;40;32;937867
41;1997;24.05.1997;6;12;18;21;22;27;7;013154
42;1997;28.05.1997;10;20;27;33;34;43;3;840068
43;1997;31.05.1997;3;20;21;23;32;40;6;963290
44;1997;04.06.1997;3;14;15;17;18;37;4;534389
45;1997;07.06.1997;17;26;27;29;36;40;16;112507
46;1997;11.06.1997;2;8;23;28;34;43;9;801970
47;1997;14.06.1997;12;15;19;21;25;43;29;512919
48;1997;18.06.1997;11;18;20;34;43;44;4;329654
49;1997;21.06.1997;2;4;10;18;38;45;26;608934
50;1997;25.06.1997;5;8;13;17;20;25;31;188395
51;1997;28.06.1997;4;27;28;34;35;44;42;048329
52;1997;02.07.1997;5;9;18;20;26;42;7;396617
53;1997;05.07.1997;4;8;24;30;35;38;42;181000
54;1997;09.07.1997;1;7;10;23;27;38;40;904998
55;1997;12.07.1997;9;12;17;23;24;44;40;216140
56;1997;16.07.1997;1;2;10;13;24;32;30;160723
57;1997;19.07.1997;2;17;23;30;38;45;36;661366
58;1997;23.07.1997;12;23;30;31;37;39;4;308683
59;1997;26.07.1997;13;25;32;33;35;44;8;681667
60;1997;30.07.1997;5;11;19;21;33;45;12;076102
61;1997;02.08.1997;15;20;26;28;42;45;12;578489
62;1997;06.08.1997;4;5;7;9;16;43;39;016665
63;1997;09.08.1997;3;24;30;34;44;45;5;810442
64;1997;13.08.1997;23;28;35;36;38;45;6;332385
65;1997;16.08.1997;9;25;31;36;39;43;1;845968
66;1997;20.08.1997;8;10;11;15;16;36;35;093928
67;1997;23.08.1997;5;20;25;33;40;41;7;203748
68;1997;27.08.1997;4;22;27;28;29;36;14;543317
69;1997;30.08.1997;4;27;29;32;39;43;21;135143
70;1997;03.09.1997;1;25;26;28;44;45;37;547238
71;1997;06.09.1997;1;4;7;9;26;32;19;205118
72;1997;10.09.1997;10;19;24;30;36;39;43;957502
73;1997;13.09.1997;16;22;24;25;37;39;26;319963
74;1997;17.09.1997;13;17;31;33;44;45;15;909771
75;1997;20.09.1997;3;17;30;33;40;45;38;621378
76;1997;24.09.1997;4;9;20;27;36;42;23;038556
77;1997;27.09.1997;1;3;4;15;32;39;28;355821
78;1997;01.10.1997;2;7;12;29;33;35;6;287229
79;1997;04.10.1997;7;12;16;24;25;44;27;034274
80;1997;08.10.1997;2;5;14;20;30;32;42;687220
81;1997;11.10.1997;6;9;20;26;27;28;31;501972
82;1997;15.10.1997;6;15;16;20;21;37;24;165728
83;1997;18.10.1997;1;6;9;14;26;36;32;200444
84;1997;22.10.1997;13;19;30;38;39;42;34;113264
85;1997;25.10.1997;2;18;19;21;30;40;20;236017
86;1997;29.10.1997;2;6;7;8;22;27;36;898380
87;1997;01.11.1997;9;13;23;30;36;41;29;080582
88;1997;05.11.1997;4;12;19;23;31;43;1;931072
89;1997;08.11.1997;4;6;10;20;32;44;8;552370
90;1997;12.11.1997;7;22;24;30;31;34;19;059474
91;1997;15.11.1997;12;22;29;34;40;44;3;993889
92;1997;19.11.1997;1;8;22;24;36;39;11;466085
93;1997;22.11.1997;9;17;19;22;29;35;37;836518
94;1997;26.11.1997;10;15;18;27;30;36;25;556207
95;1997;29.11.1997;13;14;16;20;25;29;19;899945
96;1997;03.12.1997;3;5;16;31;33;44;27;740338
97;1997;06.12.1997;7;9;31;34;35;44;13;503676
98;1997;10.12.1997;12;16;18;26;28;35;19;870189
99;1997;13.12.1997;14;21;26;29;35;39;44;728326
100;1997;17.12.1997;3;8;10;12;20;21;35;279338
101;1997;20.12.1997;3;4;16;32;38;42;22;559915
102;1997;24.12.1997;9;14;17;22;39;40;44;201000
103;1997;27.12.1997;11;17;30;33;35;43;31;635251
1;1998;31.12.1997;19;28;29;38;42;44;10;310675
2;1998;03.01.1998;5;18;20;23;33;39;8;300434
3;1998;07.01.1998;2;13;22;26;34;44;12;347694
4;1998;10.01.1998;11;20;24;25;30;44;34;305621
5;1998;14.01.1998;5;15;24;26;44;45;27;473423
6;1998;17.01.1998;8;15;25;28;33;34;7;173982
7;1998;21.01.1998;13;16;21;22;33;34;4;155005
8;1998;24.01.1998;1;8;11;19;34;43;44;874998
9;1998;28.01.1998;16;18;31;32;34;40;12;831866
10;1998;31.01.1998;7;8;17;19;27;29;42;539283
11;1998;04.02.1998;2;12;26;32;36;43;40;735328
12;1998;07.02.1998;18;21;25;26;32;33;15;555000
13;1998;11.02.1998;17;26;29;32;34;35;1;747326
14;1998;14.02.1998;23;26;28;31;32;40;44;637550
15;1998;18.02.1998;7;23;27;29;38;43;13;158358
16;1998;21.02.1998;1;2;9;13;26;31;14;539940
17;1998;25.02.1998;7;9;23;32;35;39;36;076046
18;1998;28.02.1998;1;5;10;23;28;44;39;757029
19;1998;04.03.1998;3;8;12;25;36;39;45;484922
20;1998;07.03.1998;11;19;25;29;33;35;9;472097
21;1998;11.03.1998;5;7;18;21;39;44;4;480684
22;1998;14.03.1998;8;10;16;21;22;36;31;661782
23;1998;18.03.1998;3;10;13;18;22;31;7;599380
24;1998;21.03.1998;1;17;19;31;39;41;22;299521
25;1998;25.03.1998;7;10;23;28;35;43;27;110795
26;1998;28.03.1998;4;17;20;21;23;38;3;993458
27;1998;01.04.1998;13;17;29;31;36;38;30;500345
28;1998;04.04.1998;15;30;31;33;37;41;28;092616
29;1998;08.04.1998;10;13;27;28;35;41;42;741431
30;1998;11.04.1998;4;13;18;20;24;43;6;927370
31;1998;15.04.1998;5;21;25;33;35;38;31;606691
32;1998;18.04.1998;1;9;17;21;27;44;41;246777
33;1998;22.04.1998;4;27;31;33;36;45;9;595035
34;1998;25.04.1998;9;10;15;19;26;31;18;725699
35;1998;29.04.1998;7;8;17;25;29;30;11;082292
36;1998;02.05.1998;2;12;16;30;34;45;19;515402
37;1998;06.05.1998;16;18;22;23;36;44;43;602742
38;1998;09.05.1998;5;10;12;13;20;43;2;373771
39;1998;13.05.1998;2;6;9;17;18;41;43;027191
40;1998;16.05.1998;1;4;19;26;41;45;20;449598
41;1998;20.05.1998;9;12;16;28;31;36;33;042193
42;1998;23.05.1998;1;10;21;24;37;38;33;155570
43;1998;27.05.1998;6;11;14;19;35;44;17;631790
44;1998;30.05.1998;10;15;18;20;22;27;11;716909
45;1998;03.06.1998;13;25;29;32;36;39;6;452549
46;1998;06.06.1998;21;26;28;31;42;43;29;910664
47;1998;10.06.1998;6;8;28;31;42;43;18;531786
48;1998;13.06.1998;2;4;5;26;36;44;24;426968
49;1998;17.06.1998;5;18;24;34;37;43;2;898176
50;1998;20.06.1998;8;12;18;25;29;45;2;559894
51;1998;24.06.1998;5;10;13;21;23;44;32;942018
52;1998;27.06.1998;10;23;27;29;31;33;2;415610
53;1998;01.07.1998;10;15;19;32;41;44;42;993762
54;1998;04.07.1998;6;8;17;20;21;45;31;614566
55;1998;08.07.1998;7;8;27;40;42;43;23;420286
56;1998;11.07.1998;16;26;33;34;42;45;19;154217
57;1998;15.07.1998;1;19;21;27;31;35;14;969736
58;1998;18.07.1998;10;16;17;22;34;35;33;937095
59;1998;22.07.1998;9;16;20;34;35;41;11;943476
60;1998;25.07.1998;5;9;14;17;30;38;22;956421
61;1998;29.07.1998;13;21;25;27;30;44;40;922767
62;1998;01.08.1998;7;21;25;27;40;42;38;845566
63;1998;05.08.1998;9;10;14;17;24;39;42;279548
64;1998;08.08.1998;8;10;21;24;30;33;20;643794
65;1998;12.08.1998;6;31;33;35;39;41;24;923825
66;1998;15.08.1998;3;6;20;21;24;32;36;938612
67;1998;19.08.1998;4;7;15;16;37;40;30;564707
68;1998;22.08.1998;19;21;33;38;43;45;31;704963
69;1998;26.08.1998;6;8;17;32;41;44;35;898625
70;1998;29.08.1998;6;27;28;34;36;45;8;404026
71;1998;02.09.1998;15;16;21;26;33;36;6;709642
72;1998;05.09.1998;13;14;24;30;33;44;31;567805
73;1998;09.09.1998;7;15;16;27;38;43;30;264200
74;1998;12.09.1998;5;9;11;16;19;29;23;674568
75;1998;16.09.1998;9;18;19;26;39;43;23;456670
76;1998;19.09.1998;3;7;17;19;32;37;38;967432
77;1998;23.09.1998;7;10;12;28;35;40;18;150103
78;1998;26.09.1998;2;13;19;20;31;35;42;698137
79;1998;30.09.1998;8;10;11;22;29;30;13;942530
80;1998;03.10.1998;1;7;8;34;40;45;33;831260
81;1998;07.10.1998;8;9;13;17;18;38;33;928274
82;1998;10.10.1998;1;9;11;15;37;44;22;518860
83;1998;14.10.1998;7;14;24;27;31;40;28;744334
84;1998;17.10.1998;5;18;25;29;35;41;33;191378
85;1998;21.10.1998;5;13;21;38;40;41;20;884387
86;1998;24.10.1998;4;10;11;26;28;38;18;320995
87;1998;28.10.1998;2;9;12;18;29;36;39;947239
88;1998;31.10.1998;8;15;20;30;36;43;29;728246
89;1998;04.11.1998;7;15;26;34;39;44;23;871965
90;1998;07.11.1998;1;11;24;25;26;30;15;029331
91;1998;11.11.1998;2;14;22;25;30;39;37;562500
92;1998;14.11.1998;17;21;25;32;34;43;36;530270
93;1998;18.11.1998;9;26;32;40;41;44;18;991143
94;1998;21.11.1998;5;10;15;17;23;32;33;836503
95;1998;25.11.1998;4;12;15;21;22;40;18;678138
96;1998;28.11.1998;7;9;13;25;28;30;37;236678
97;1998;02.12.1998;6;8;26;30;36;44;7;826204
98;1998;05.12.1998;4;7;8;27;41;43;32;632878
99;1998;09.12.1998;4;14;34;36;39;43;23;757834
100;1998;12.12.1998;1;12;24;28;29;42;22;239392
101;1998;16.12.1998;2;8;18;38;42;43;10;651176
102;1998;19.12.1998;1;7;13;18;34;37;5;601041
103;1998;23.12.1998;3;4;14;15;20;39;35;113206
104;1998;26.12.1998;2;4;10;15;18;40;8;809696
105;1998;30.12.1998;1;12;13;15;16;35;32;495068
106;1998;02.01.1999;15;17;22;31;41;43;40;051123
1;1999;06.01.1999;7;22;32;34;38;42;4;129731
2;1999;09.01.1999;17;23;24;35;37;43;21;007607
3;1999;13.01.1999;18;23;30;31;38;43;9;461100
4;1999;16.01.1999;1;4;13;25;32;33;43;322474
5;1999;20.01.1999;1;12;13;18;21;22;10;111667
6;1999;23.01.1999;5;12;13;23;37;38;30;657340
7;1999;27.01.1999;10;17;22;23;26;28;18;117447
8;1999;30.01.1999;6;24;32;36;38;44;33;449940
9;1999;03.02.1999;2;22;23;34;41;45;15;624991
10;1999;06.02.1999;7;10;12;13;18;23;32;853573
11;1999;10.02.1999;5;8;16;22;25;42;3;419574
12;1999;13.02.1999;18;20;21;26;32;38;41;804779
13;1999;17.02.1999;6;9;14;18;28;45;15;727834
14;1999;20.02.1999;13;22;28;29;33;41;35;894442
15;1999;24.02.1999;3;14;27;28;37;38;9;710453
16;1999;27.02.1999;4;15;20;28;30;36;32;334101
17;1999;03.03.1999;9;20;21;30;32;42;6;190490
18;1999;06.03.1999;9;21;22;27;31;33;20;985143
19;1999;10.03.1999;6;13;20;22;27;39;15;588531
20;1999;13.03.1999;6;12;15;22;33;41;38;988502
21;1999;17.03.1999;13;14;17;18;29;36;40;265359
22;1999;20.03.1999;4;5;8;10;27;37;34;470934
23;1999;24.03.1999;11;12;14;21;35;41;44;644761
24;1999;27.03.1999;7;8;18;33;38;45;43;662396
25;1999;31.03.1999;16;21;38;39;41;43;14;310892
26;1999;03.04.1999;8;15;19;24;30;32;10;839840
27;1999;07.04.1999;4;18;22;25;29;45;16;535249
28;1999;10.04.1999;5;20;22;24;32;38;28;619047
29;1999;14.04.1999;4;16;19;21;25;44;11;588552
30;1999;17.04.1999;7;19;26;38;40;42;12;906111
31;1999;21.04.1999;12;22;26;37;39;43;15;153817
32;1999;24.04.1999;4;9;12;14;19;42;21;078081
33;1999;28.04.1999;12;16;20;24;33;40;25;815433
34;1999;01.05.1999;16;17;18;20;34;35;33;402492
35;1999;05.05.1999;3;8;13;36;39;41;42;702188
36;1999;08.05.1999;1;4;5;10;42;43;26;525769
37;1999;12.05.1999;3;5;7;31;39;45;9;824481
38;1999;15.05.1999;2;3;9;17;42;44;32;058924
39;1999;19.05.1999;8;9;11;19;32;42;23;945355
40;1999;22.05.1999;1;2;4;6;19;36;21;291962
41;1999;26.05.1999;5;10;11;17;18;38;8;622537
42;1999;29.05.1999;10;13;18;20;29;39;44;875329
43;1999;02.06.1999;3;9;11;41;42;43;27;933912
44;1999;05.06.1999;7;12;18;25;30;31;37;050268
45;1999;09.06.1999;5;7;17;34;42;44;3;276310
46;1999;12.06.1999;17;20;28;36;38;44;10;439028
47;1999;16.06.1999;1;5;16;28;31;39;19;265290
48;1999;19.06.1999;4;5;12;25;37;38;11;455015
49;1999;23.06.1999;6;12;15;34;41;44;36;258366
50;1999;26.06.1999;8;12;15;16;34;42;14;327858
51;1999;30.06.1999;3;9;16;17;32;36;21;816065
52;1999;03.07.1999;8;9;16;32;36;43;38;655483
53;1999;07.07.1999;8;12;17;18;32;41;5;714211
54;1999;10.07.1999;5;6;12;25;26;43;14;306037
55;1999;14.07.1999;6;20;29;30;31;44;24;846673
56;1999;17.07.1999;6;8;35;38;40;42;24;965690
57;1999;21.07.1999;5;21;26;31;42;45;33;675943
58;1999;24.07.1999;15;19;29;31;34;45;5;706582
59;1999;28.07.1999;9;15;21;25;26;34;39;011196
60;1999;31.07.1999;3;8;15;22;26;44;10;397419
61;1999;04.08.1999;1;17;22;35;36;38;27;600270
62;1999;07.08.1999;1;12;27;33;35;37;18;618303
63;1999;11.08.1999;12;16;22;29;31;32;39;493449
64;1999;14.08.1999;3;13;17;18;20;24;42;849070
65;1999;18.08.1999;7;8;16;31;38;41;29;578531
66;1999;21.08.1999;6;12;13;15;21;36;35;193383
67;1999;25.08.1999;8;20;29;33;36;45;38;481680
68;1999;28.08.1999;11;17;27;28;39;45;20;625883
69;1999;01.09.1999;2;3;19;33;39;42;5;952070
70;1999;04.09.1999;10;16;17;25;37;40;2;487491
71;1999;08.09.1999;4;27;35;41;43;45;15;653861
72;1999;11.09.1999;7;10;17;32;36;37;45;014096
73;1999;15.09.1999;10;21;23;28;34;44;42;690138
74;1999;18.09.1999;1;11;13;18;33;38;32;438998
75;1999;22.09.1999;18;22;26;27;40;45;24;804430
76;1999;25.09.1999;2;13;14;22;35;37;39;823295
77;1999;29.09.1999;2;8;21;23;26;31;29;121050
78;1999;02.10.1999;1;3;9;17;18;38;32;164434
79;1999;06.10.1999;2;7;35;38;40;41;4;172241
80;1999;09.10.1999;24;28;32;35;37;41;36;962112
81;1999;13.10.1999;11;20;22;23;33;36;37;613823
82;1999;16.10.1999;1;7;17;43;44;45;36;581337
83;1999;20.10.1999;5;11;29;31;32;38;3;087367
84;1999;23.10.1999;6;8;23;32;36;44;13;899376
85;1999;27.10.1999;3;7;18;36;39;43;16;091475
86;1999;30.10.1999;20;24;38;42;44;45;8;558739
87;1999;03.11.1999;10;16;26;31;40;44;4;789573
88;1999;06.11.1999;5;6;19;22;39;42;25;782486
89;1999;10.11.1999;8;12;14;33;36;43;38;243395
90;1999;13.11.1999;3;12;16;17;24;35;14;484945
91;1999;17.11.1999;5;6;8;10;34;40;13;671352
92;1999;20.11.1999;13;20;38;40;42;45;19;751107
93;1999;24.11.1999;11;19;31;32;40;44;36;907335
94;1999;27.11.1999;27;29;33;34;35;36;24;442192
95;1999;01.12.1999;4;6;7;11;34;42;31;921567
96;1999;04.12.1999;2;4;16;22;23;40;34;305363
97;1999;08.12.1999;3;7;22;32;43;45;31;914702
98;1999;11.12.1999;1;3;5;9;12;34;2;805272
99;1999;15.12.1999;7;16;21;26;41;42;2;825459
100;1999;18.12.1999;4;12;25;28;35;38;1;285691
101;1999;22.12.1999;2;13;27;32;41;44;14;153433
102;1999;25.12.1999;2;12;18;22;27;39;25;763122
103;1999;29.12.1999;6;17;34;37;38;45;39;484157
104;1999;01.01.2000;31;34;37;40;41;44;43;371825
1;2000;05.01.2000;1;19;34;39;42;43;23;121564
2;2000;08.01.2000;1;13;21;31;34;43;30;440272
3;2000;12.01.2000;7;13;22;37;40;45;5;601485
4;2000;15.01.2000;6;10;25;26;38;42;20;002574
5;2000;19.01.2000;2;16;18;23;32;43;26;045068
6;2000;22.01.2000;4;5;6;24;34;38;9;950497
7;2000;26.01.2000;3;20;22;24;34;39;9;849540
8;2000;29.01.2000;7;12;13;34;38;39;28;595569
9;2000;02.02.2000;1;18;22;28;35;43;32;991403
10;2000;05.02.2000;4;13;15;31;32;45;37;331542
11;2000;09.02.2000;1;29;31;34;39;41;25;347132
12;2000;12.02.2000;9;10;12;15;38;39;30;849128
13;2000;16.02.2000;2;15;18;23;31;38;10;427408
14;2000;19.02.2000;1;10;11;15;30;41;29;145208
15;2000;23.02.2000;1;4;14;22;35;42;5;923656
16;2000;26.02.2000;7;13;23;25;34;44;33;701685
17;2000;01.03.2000;8;17;19;34;39;43;36;563460
18;2000;04.03.2000;4;12;17;20;37;39;9;966182
19;2000;08.03.2000;1;9;26;29;33;36;5;148412
20;2000;11.03.2000;10;11;13;21;35;37;14;737713
21;2000;15.03.2000;4;5;10;35;41;44;15;834722
22;2000;18.03.2000;4;6;16;20;37;43;21;578856
23;2000;22.03.2000;6;16;20;36;38;43;7;937176
24;2000;25.03.2000;13;16;20;24;33;43;11;260581
25;2000;29.03.2000;9;12;29;30;40;41;22;944808
26;2000;01.04.2000;1;14;18;21;33;38;15;971903
27;2000;05.04.2000;5;9;19;20;27;33;15;132264
28;2000;08.04.2000;2;3;5;10;18;30;6;215674
29;2000;12.04.2000;8;13;14;28;39;43;37;193076
30;2000;15.04.2000;11;23;27;39;41;42;17;813511
31;2000;19.04.2000;8;9;16;24;34;43;6;592629
32;2000;22.04.2000;5;8;18;25;30;44;3;895097
33;2000;26.04.2000;11;14;16;22;27;43;41;020570
34;2000;29.04.2000;1;9;24;25;26;38;45;446558
35;2000;03.05.2000;14;20;24;25;41;45;36;229491
36;2000;06.05.2000;13;16;23;25;42;43;2;543330
37;2000;10.05.2000;4;26;32;37;43;44;10;904762
38;2000;13.05.2000;24;26;35;37;39;43;32;723483
39;2000;17.05.2000;2;7;10;13;22;34;25;543725
40;2000;20.05.2000;3;16;31;33;40;43;37;470557
41;2000;24.05.2000;8;25;28;32;39;42;37;563507
42;2000;27.05.2000;2;23;24;28;40;43;1;186867
43;2000;31.05.2000;5;6;13;23;25;37;43;279350
44;2000;03.06.2000;7;10;11;18;32;41;5;043728
45;2000;07.06.2000;15;23;24;28;38;39;45;653509
46;2000;10.06.2000;1;3;12;23;29;33;27;305334
47;2000;14.06.2000;2;4;13;19;39;45;26;323334
48;2000;17.06.2000;3;8;17;19;21;25;35;399657
49;2000;21.06.2000;3;11;15;41;43;45;34;787712
50;2000;24.06.2000;6;9;10;28;29;30;7;296067
51;2000;28.06.2000;21;24;28;34;35;43;31;834318
52;2000;01.07.2000;1;3;13;17;33;37;39;594774
53;2000;05.07.2000;16;19;20;22;35;40;34;424364
54;2000;08.07.2000;5;18;28;29;42;43;34;900789
55;2000;12.07.2000;2;3;18;30;31;40;22;808276
56;2000;15.07.2000;6;25;27;34;44;45;32;881304
57;2000;19.07.2000;7;9;21;25;27;33;31;663718
58;2000;22.07.2000;3;13;14;15;17;21;30;005897
59;2000;26.07.2000;3;6;21;24;31;32;38;738747
60;2000;29.07.2000;3;13;20;22;23;34;4;062482
61;2000;02.08.2000;1;8;19;24;26;27;41;978407
62;2000;05.08.2000;1;14;15;19;22;35;10;516012
63;2000;09.08.2000;20;38;39;42;43;44;2;545108
64;2000;12.08.2000;1;12;19;28;39;42;34;521453
65;2000;16.08.2000;3;11;24;30;31;45;4;840082
66;2000;19.08.2000;2;3;19;34;36;40;45;531016
67;2000;23.08.2000;2;7;12;20;38;43;44;811845
68;2000;26.08.2000;3;12;33;35;43;44;22;656941
69;2000;30.08.2000;1;9;17;25;32;39;20;023920
70;2000;02.09.2000;1;10;19;34;36;40;22;316418
71;2000;06.09.2000;3;4;27;37;40;45;44;006523
72;2000;09.09.2000;2;8;18;19;22;30;45;722117
73;2000;13.09.2000;1;7;19;27;32;39;28;870787
74;2000;16.09.2000;4;20;26;32;33;44;2;199585
75;2000;20.09.2000;4;6;11;15;24;41;18;923261
76;2000;23.09.2000;4;24;25;28;34;37;43;658660
77;2000;27.09.2000;7;9;10;24;34;38;29;560409
78;2000;30.09.2000;6;9;15;21;28;39;8;964412
79;2000;04.10.2000;14;20;28;29;31;40;26;127748
80;2000;07.10.2000;8;23;27;36;41;45;26;744556
81;2000;11.10.2000;8;9;16;23;34;42;25;302044
82;2000;14.10.2000;8;9;20;35;36;37;10;540815
83;2000;18.10.2000;18;24;26;27;29;30;36;405879
84;2000;21.10.2000;4;6;19;26;32;33;21;729850
85;2000;25.10.2000;8;18;20;30;33;41;15;870294
86;2000;28.10.2000;15;20;21;23;29;39;37;256689
87;2000;01.11.2000;16;27;34;41;42;45;39;902237
88;2000;04.11.2000;1;12;29;30;44;45;34;074177
89;2000;08.11.2000;1;11;22;28;33;34;27;654323
90;2000;11.11.2000;11;18;20;23;34;45;17;044341
91;2000;15.11.2000;5;15;22;26;44;45;19;511747
92;2000;18.11.2000;10;12;20;24;31;41;15;589991
93;2000;22.11.2000;1;13;24;28;31;43;2;897823
94;2000;25.11.2000;2;12;29;35;40;41;45;990532
95;2000;29.11.2000;5;25;26;27;36;38;32;219402
96;2000;02.12.2000;1;3;4;9;38;45;29;191622
97;2000;06.12.2000;10;15;22;24;26;36;41;523505
98;2000;09.12.2000;8;17;26;31;34;43;38;153487
99;2000;13.12.2000;3;6;13;17;26;36;23;883757
100;2000;16.12.2000;2;4;20;30;41;45;10;524799
101;2000;20.12.2000;2;18;26;30;32;41;25;772212
102;2000;23.12.2000;1;19;22;26;40;42;11;820329
103;2000;27.12.2000;2;3;6;12;14;35;9;885464
104;2000;30.12.2000;2;23;29;31;34;36;42;557630
1;2001;03.01.2001;5;9;11;18;42;43;34;461652
2;2001;06.01.2001;2;3;8;18;32;42;36;317607
3;2001;10.01.2001;8;11;21;22;28;40;12;709118
4;2001;13.01.2001;4;7;10;22;34;41;29;697249
5;2001;17.01.2001;1;6;22;24;34;44;41;688693
6;2001;20.01.2001;5;9;20;26;31;36;18;999159
7;2001;24.01.2001;4;14;16;18;40;42;2;166448
8;2001;27.01.2001;1;2;28;33;35;40;25;653208
9;2001;31.01.2001;6;8;15;18;22;44;37;599707
10;2001;03.02.2001;5;7;10;12;16;20;1;336624
11;2001;07.02.2001;16;20;25;27;39;40;45;848295
12;2001;10.02.2001;5;13;20;29;34;42;33;395248
13;2001;14.02.2001;4;8;13;18;21;36;1;217260
14;2001;17.02.2001;9;12;23;24;29;39;27;328051
15;2001;21.02.2001;3;5;19;20;24;40;32;113039
16;2001;24.02.2001;2;4;6;16;27;28;24;892533
17;2001;28.02.2001;4;7;13;23;26;28;9;304844
18;2001;03.03.2001;3;14;16;17;25;42;11;027433
19;2001;07.03.2001;1;3;8;31;32;38;42;515844
20;2001;10.03.2001;5;12;19;26;32;35;3;301895
21;2001;14.03.2001;2;9;16;19;31;41;45;243199
22;2001;17.03.2001;2;4;9;18;19;40;17;505107
23;2001;21.03.2001;23;27;34;36;37;41;28;340444
24;2001;24.03.2001;1;2;14;29;35;38;45;804440
25;2001;28.03.2001;4;13;15;20;38;39;36;000157
26;2001;31.03.2001;8;11;19;25;29;44;13;833726
27;2001;04.04.2001;3;14;15;16;27;39;11;940746
28;2001;07.04.2001;10;19;21;23;25;33;41;407012
29;2001;11.04.2001;7;9;21;30;33;41;18;820580
30;2001;14.04.2001;4;11;13;23;38;40;44;688243
31;2001;18.04.2001;6;14;21;36;39;43;15;855073
32;2001;21.04.2001;3;5;15;37;39;45;24;231340
33;2001;25.04.2001;18;21;26;29;34;39;37;858113
34;2001;28.04.2001;8;12;31;35;36;45;32;462200
35;2001;02.05.2001;2;6;9;32;35;42;14;956578
36;2001;05.05.2001;14;20;21;27;31;43;25;499546
37;2001;09.05.2001;8;16;22;34;36;42;40;654258
38;2001;12.05.2001;12;13;21;26;30;39;27;565221
39;2001;16.05.2001;2;13;15;21;40;41;38;481711
40;2001;19.05.2001;9;11;18;21;26;42;38;254645
41;2001;23.05.2001;3;4;6;25;34;43;30;362329
42;2001;26.05.2001;3;18;22;26;34;38;1;423106
43;2001;30.05.2001;5;13;20;21;26;39;27;930550
44;2001;02.06.2001;1;4;14;32;39;42;18;722767
45;2001;06.06.2001;9;13;23;26;27;32;25;362194
46;2001;09.06.2001;19;32;37;39;40;43;42;929377
47;2001;13.06.2001;18;22;36;38;44;45;19;259493
48;2001;16.06.2001;12;16;17;25;33;37;23;175434
49;2001;20.06.2001;7;8;13;21;26;35;14;040144
50;2001;23.06.2001;5;8;17;30;36;41;32;174986
51;2001;27.06.2001;3;13;17;27;29;42;36;821289
52;2001;30.06.2001;1;2;19;21;26;39;13;294954
53;2001;04.07.2001;4;30;39;40;41;42;1;659325
54;2001;07.07.2001;3;4;22;37;40;41;42;396425
55;2001;11.07.2001;4;5;12;13;23;25;11;349519
56;2001;14.07.2001;1;18;21;23;35;37;22;089794
57;2001;18.07.2001;4;17;25;27;35;36;24;455888
58;2001;21.07.2001;2;8;11;18;20;32;14;028596
59;2001;25.07.2001;4;10;13;18;30;37;27;682436
60;2001;28.07.2001;4;12;15;17;26;38;35;559291
61;2001;01.08.2001;3;23;29;30;40;45;22;269409
62;2001;04.08.2001;2;3;5;14;22;32;4;272437
63;2001;08.08.2001;3;4;9;17;31;42;40;787862
64;2001;11.08.2001;1;3;11;26;28;34;43;177225
65;2001;15.08.2001;10;17;18;22;24;28;7;493435
66;2001;18.08.2001;5;12;13;19;26;33;20;218225
67;2001;22.08.2001;1;9;10;30;34;40;15;874954
68;2001;25.08.2001;2;7;16;17;23;30;22;113795
69;2001;29.08.2001;13;16;36;37;40;42;4;610313
70;2001;01.09.2001;12;30;32;37;41;44;43;664924
71;2001;05.09.2001;7;9;12;21;24;29;5;657847
72;2001;08.09.2001;6;17;24;30;32;34;8;627379
73;2001;12.09.2001;1;4;7;11;21;27;8;438469
74;2001;15.09.2001;15;18;26;28;29;36;39;844483
75;2001;19.09.2001;8;11;13;27;39;43;5;920210
76;2001;22.09.2001;3;11;23;26;30;42;18;825290
77;2001;26.09.2001;6;13;17;18;38;45;36;885171
78;2001;29.09.2001;5;10;18;19;28;41;2;838953
79;2001;03.10.2001;13;14;21;36;40;44;7;742921
80;2001;06.10.2001;2;5;6;21;37;42;27;636184
81;2001;10.10.2001;3;4;13;18;31;42;32;764311
82;2001;13.10.2001;6;13;18;23;25;39;40;996442
83;2001;17.10.2001;10;14;28;32;38;43;3;889274
84;2001;20.10.2001;3;12;13;21;30;40;7;995477
85;2001;24.10.2001;3;12;14;22;29;30;20;120493
86;2001;27.10.2001;14;17;21;22;25;30;43;250478
87;2001;31.10.2001;4;5;9;15;25;31;40;072221
88;2001;03.11.2001;3;20;22;24;26;30;28;307953
89;2001;07.11.2001;4;11;20;26;32;37;31;429194
90;2001;10.11.2001;22;27;29;33;34;37;15;262820
91;2001;14.11.2001;1;9;12;31;33;34;26;539814
92;2001;17.11.2001;10;22;23;37;39;44;21;312644
93;2001;21.11.2001;1;4;5;10;43;44;3;185646
94;2001;24.11.2001;20;25;30;33;36;39;45;867570
95;2001;28.11.2001;2;3;15;19;20;26;36;290429
96;2001;01.12.2001;1;17;26;35;36;40;39;049759
97;2001;05.12.2001;2;5;22;30;36;41;34;175147
98;2001;08.12.2001;1;4;14;16;25;27;21;208105
99;2001;12.12.2001;4;14;22;36;42;44;27;440897
100;2001;15.12.2001;14;25;27;29;39;45;12;563502
101;2001;19.12.2001;1;3;15;21;24;26;8;394831
102;2001;22.12.2001;3;8;11;16;33;45;32;245723
103;2001;26.12.2001;5;9;10;14;23;33;28;721017
104;2001;29.12.2001;22;28;29;33;37;38;42;963322
1;2002;02.01.2002;3;14;22;24;31;39;30;376530
2;2002;05.01.2002;4;16;17;20;30;31;5;020617
3;2002;09.01.2002;3;16;22;26;36;38;25;984834
4;2002;12.01.2002;3;9;11;13;28;34;4;510464
5;2002;16.01.2002;15;18;38;39;41;44;26;702537
6;2002;19.01.2002;11;18;22;28;30;34;43;022934
7;2002;23.01.2002;1;29;31;35;37;38;19;157215
8;2002;26.01.2002;8;10;19;26;32;43;28;842340
9;2002;30.01.2002;1;12;17;20;35;44;33;294568
10;2002;02.02.2002;1;3;8;11;38;44;39;750685
11;2002;06.02.2002;6;7;27;30;34;43;3;881386
12;2002;09.02.2002;18;21;29;33;43;45;11;824525
13;2002;13.02.2002;6;7;28;29;30;44;22;087755
14;2002;16.02.2002;4;5;14;20;35;38;32;519334
15;2002;20.02.2002;3;13;22;24;26;39;16;980192
16;2002;23.02.2002;2;8;12;24;40;44;30;314236
17;2002;27.02.2002;2;30;31;32;42;44;38;764454
18;2002;02.03.2002;6;11;23;25;26;36;22;939315
19;2002;06.03.2002;1;12;16;20;26;36;8;950623
20;2002;09.03.2002;3;8;14;23;38;43;32;056399
21;2002;13.03.2002;14;20;23;31;32;41;34;602792
22;2002;16.03.2002;15;17;22;37;44;45;28;809312
23;2002;20.03.2002;18;20;26;33;38;39;3;175600
24;2002;23.03.2002;11;14;18;20;31;39;22;358537
25;2002;27.03.2002;12;14;18;23;29;45;8;424791
26;2002;30.03.2002;23;35;37;38;39;42;5;148107
27;2002;03.04.2002;4;10;16;28;32;44;31;029669
28;2002;06.04.2002;3;4;18;27;29;31;10;276038
29;2002;10.04.2002;3;4;8;24;26;40;9;415306
30;2002;13.04.2002;8;12;31;35;36;43;41;046000
31;2002;17.04.2002;4;8;16;19;25;31;7;558495
32;2002;20.04.2002;7;18;22;23;24;35;16;988962
33;2002;24.04.2002;1;14;22;24;37;38;10;399359
34;2002;27.04.2002;15;17;21;22;30;39;40;261135
35;2002;01.05.2002;1;16;17;23;36;44;24;923203
36;2002;04.05.2002;2;3;7;16;23;37;20;677110
37;2002;08.05.2002;8;17;20;31;35;42;19;662303
38;2002;11.05.2002;8;16;25;29;38;44;17;939287
39;2002;15.05.2002;11;16;18;21;27;45;20;434775
40;2002;18.05.2002;2;10;14;18;22;26;45;111575
41;2002;22.05.2002;9;18;20;26;31;36;11;493035
42;2002;25.05.2002;8;10;18;28;30;31;43;551573
43;2002;29.05.2002;4;5;29;37;40;45;24;349718
