 1 1970  7  8 12 17 32 40 24
 2 1970  7 12 22 24 29 40 36
 3 1970 16 22 25 27 30 35 24
 4 1970  3 11 21 22 24 39  8
 5 1970  2  5 11 16 18 38 37
 6 1970  5 10 17 29 37 40 11
 7 1970  2  4 18 21 22 36 19
 8 1970  1  2 21 25 26 29 31
 9 1970  1 11 24 29 32 33 40
10 1970 15 24 28 30 31 33 34
11 1970  5  8 13 29 34 35 20
12 1970  1  3  9 15 18 28 36
13 1970 14 16 22 25 36 39 23
14 1970  2 13 17 18 32 36 27
15 1970  5  9 15 27 29 39 20
16 1970  5  8 11 13 34 38  1
17 1970  3 15 28 34 38 40 12
18 1970  1  6  7  8 28 32 38
19 1970  4  9 12 18 22 30 23
20 1970 11 13 14 19 23 34  3
21 1970 10 16 20 30 31 39 26
22 1970  6  8 11 28 36 40 26
23 1970 10 16 23 25 30 34  9
24 1970 15 24 25 26 31 32  8
25 1970 13 20 27 29 35 37 15
26 1970  7  9 14 15 16 26 32
27 1970  1  4  6 19 35 40 12
28 1970  3 17 22 26 31 39 15
29 1970 19 24 33 35 36 37  8
30 1970  9 18 25 26 30 37 35
31 1970  8 11 25 27 30 32 37
32 1970  7 10 20 30 33 38  3
33 1970  2 11 16 25 29 32 33
34 1970  7  8 10 19 25 38  5
35 1970  2  3 15 22 25 29 17
36 1970 11 24 28 31 34 35 40
37 1970  1  2  6 14 37 38 20
38 1970  7 12 15 30 33 40  6
39 1970 23 25 26 31 32 35  4
40 1970 22 34 35 38 39 40 18
41 1970 12 16 20 22 39 40 28
42 1970  4 12 15 21 25 27  1
43 1970 17 23 27 28 33 40 38
44 1970  4  9 19 24 27 33 40
45 1970  3  9 13 25 31 39 20
46 1970  1  4  8 10 24 25  9
47 1970  9 16 23 25 30 34 38
48 1970  1  4 20 25 30 31  8
49 1970  4 11 22 30 32 37 10
 1 1971 11 13 15 21 29 38  4
 2 1971  8 21 24 28 31 40 39
 3 1971  1  5  8 14 30 31 11
 4 1971  6 14 19 22 26 29 16
 5 1971  8 18 24 30 34 40 39
 6 1971  2  6 15 19 21 33 40
 7 1971 10 18 23 34 35 36 37
 8 1971  4 10 12 29 30 37  1
 9 1971  9 10 11 15 18 29  7
10 1971  5  9 20 30 31 37 35
11 1971  8 21 22 24 30 34  6
12 1971  4  5 21 24 34 35 29
13 1971  8 12 18 21 27 39 34
14 1971  5 23 28 32 34 38  4
15 1971  3 12 23 31 35 36 11
16 1971  5 12 15 24 28 32 31
17 1971  2 10 20 22 26 39 12
18 1971  6 19 27 29 35 39 32
19 1971  5  6 12 15 18 29 37
20 1971 13 14 15 20 24 36 29
21 1971  3 13 22 24 31 39  4
22 1971 10 32 33 36 39 40  3
23 1971  1  2  5 25 26 36 37
24 1971 10 14 18 23 25 40  7
25 1971  5 10 15 24 33 34 18
26 1971  2  5  7 15 20 22  9
27 1971  4 23 26 32 34 39  3
28 1971  6 12 13 17 32 37 15
29 1971  9 21 32 37 38 39 18
30 1971 22 24 26 30 32 40 38
31 1971  2  4 12 13 15 20 33
32 1971  5  9 11 21 33 36 16
33 1971 12 13 17 18 30 40 39
34 1971  4 14 19 25 34 35 36
35 1971  8 16 22 24 29 37 39
36 1971  7 12 19 25 30 34 22
37 1971  4 11 20 30 35 36  1
38 1971 17 18 22 24 26 36 33
39 1971  1  5  9 23 27 38 20
40 1971  5 11 22 28 31 38 27
41 1971  4  6  8 12 19 28 31
42 1971  6 15 20 22 33 34 36
43 1971  5 23 24 29 31 36 34
44 1971 19 24 26 34 37 38 17
45 1971  1  8  9 21 23 37 16
46 1971  6 11 18 20 28 40 34
47 1971  3 10 25 36 39 40 12
48 1971 14 17 18 23 25 27 35
49 1971 10 12 20 21 26 38  4
50 1971 14 17 22 23 30 36 38
51 1971  4  7 10 12 21 33 40
 1 1972 12 13 25 30 37 38  9
 2 1972  1  2  6 12 15 16 18
 3 1972  2  7 13 23 26 32 37
 4 1972  1  7  8 11 17 24 16
 5 1972  1  3  7  8 13 33 32
 6 1972  3 16 17 22 26 40 10
 7 1972 12 21 22 27 28 36 23
 8 1972  3 10 13 16 21 39 29
 9 1972  3 18 19 23 32 35  1
10 1972  9 15 17 30 34 35 10
11 1972  2  6  9 11 27 30 23
12 1972  9 10 22 32 35 40  4
13 1972  3 23 24 27 29 40 20
14 1972 12 16 18 21 22 40 26
15 1972  2  4 10 12 38 40 31
16 1972  4 12 20 28 32 38  1
17 1972  3  7 11 18 25 27 31
18 1972  5  9 14 23 27 33 10
19 1972  7  8  9 12 18 40 23
20 1972  3  8 17 36 37 40  2
21 1972  1  9 10 15 17 26 32
22 1972  4  9 12 25 28 40  2
23 1972  1  4  8 25 29 30  7
24 1972 26 27 29 33 35 40  6
25 1972  5 12 14 21 28 31 29
26 1972 11 12 18 24 31 34 30
27 1972  6  8  9 11 16 31 32
28 1972  1  6 18 20 23 34  9
29 1972  4 10 15 20 32 37 26
30 1972  6  9 20 25 29 34 26
31 1972  1 11 13 19 30 33 10
32 1972  4 11 12 18 20 22 15
33 1972  3  6  8 10 14 31 13
34 1972  8 11 27 29 36 37 19
35 1972  3  5 15 33 34 40  8
36 1972  2 10 21 25 33 39 30
37 1972  4 10 12 13 14 29  1
38 1972  1 19 20 28 29 39 14
39 1972  2  4  6  7 34 39 28
40 1972  5 11 15 21 28 36 10
41 1972 11 15 19 28 33 40 18
42 1972  2  7 30 31 32 37 17
43 1972  1 21 32 35 37 38 39
44 1972  9 21 25 28 34 35 39
45 1972  1  9 10 13 19 26  2
46 1972  9 12 13 19 22 39 14
47 1972  1 12 18 23 33 34 17
48 1972  2  7  9 12 35 36 19
49 1972  5  7 15 18 32 37 20
50 1972  2  3 11 22 24 39 18
 1 1973  1 16 31 34 35 39 29
 2 1973  1  5 24 30 34 39 25
 3 1973  3  9 12 17 18 19 24
 4 1973 11 16 18 22 29 39 40
 5 1973  3  4  5 19 20 23 39
 6 1973  1  2  9 12 35 39  5
 7 1973 16 23 25 30 37 39 13
 8 1973  9 11 13 18 29 36  2
 9 1973  6 16 18 22 26 39 17
10 1973  1  3 32 33 35 39 10
11 1973  3 11 13 22 38 40 10
12 1973  6  9 26 27 29 33 18
13 1973  2  4  5 24 27 34  1
14 1973  4  8 11 12 25 36 28
15 1973 10 17 18 27 28 31  7
16 1973  5  8 22 23 30 34 26
17 1973  3 29 31 35 37 38 33
18 1973  3  5 10 17 18 27 19
19 1973  7  9 10 12 18 25 33
20 1973  7 12 14 21 24 30 22
21 1973  3  7 10 14 16 26 12
22 1973  3 10 11 20 32 33 24
23 1973  2 13 19 22 31 40 29
24 1973  4  9 11 25 26 31  3
25 1973  3  9 17 27 30 35 31
26 1973  1  3  7  9 19 38 29
27 1973  6  8 15 22 26 31 25
28 1973 11 13 17 30 32 38 20
29 1973  2  3 20 21 30 35 12
30 1973  1  4 11 22 28 32 34
31 1973  2  9 10 24 29 32 21
32 1973  1  8  9 13 20 40 25
33 1973  5 14 17 18 26 36 19
34 1973  1  6 13 14 15 40 35
35 1973 11 21 30 32 33 34 12
36 1973 19 20 21 26 27 40 14
37 1973  3  6 21 31 37 40 33
38 1973  4  5 19 23 26 36  8
39 1973  2  5 18 20 24 39 31
40 1973  1  3 15 23 25 26 13
41 1973  4  5  8 31 34 40 23
42 1973  1  5  6 13 27 39  9
43 1973  5 22 32 35 37 40 10
44 1973  1 17 20 21 31 36  3
45 1973  3  5 13 23 30 40 22
46 1973  1  3  4  8 17 21 24
47 1973  8 14 20 22 38 40  9
48 1973 10 14 19 24 26 35 33
49 1973 11 22 24 26 36 37 28
50 1973  4  9 24 25 27 30 40
51 1973 18 19 22 26 30 31 14
 1 1974  6 11 15 26 37 40 19
 2 1974  3  5  9 33 34 36 38
 3 1974  2 10 11 15 18 40  7
 4 1974  1  8 13 18 30 33 31
 5 1974 18 19 20 25 36 38  2
 6 1974  2 14 15 26 29 39 19
 7 1974  6 11 18 23 27 39 19
 8 1974  7 11 12 28 39 40 35
 9 1974  1  4 11 12 25 38 10
10 1974  5  6  8 18 27 30  4
11 1974  2  8 13 26 33 37 34
12 1974  7  8  9 11 19 28 26
13 1974  8 11 15 23 38 40  3
14 1974 10 19 27 28 37 38 24
15 1974  1  5 22 25 27 29 12
16 1974  7 12 20 22 27 40 38
17 1974  6  9 20 22 30 38  1
18 1974  1 10 17 18 31 34 20
19 1974  3  4 15 18 21 32 27
20 1974  5  8  9 13 27 32 11
21 1974  8 11 24 31 33 40 16
22 1974  1 13 15 16 19 27 40
23 1974  1  2 26 34 37 38  9
24 1974 11 16 19 27 28 35 18
25 1974  2  6 12 16 27 40 34
26 1974  6  8 19 27 37 39 14
27 1974  3  4 12 20 26 29 14
28 1974  9 13 18 19 34 36 40
29 1974  4  6 11 14 24 27 20
30 1974  3 18 24 26 28 35 20
31 1974  7  8  9 14 36 40  2
32 1974  3 11 21 24 28 38 27
33 1974  1  2  4 12 13 22 11
34 1974  4 18 21 26 28 37 38
35 1974  3 12 20 25 31 36  7
36 1974  1  7 19 28 30 38  3
37 1974  8  9 30 33 39 40 10
38 1974 11 19 21 30 35 38 18
39 1974 22 23 27 30 31 36 11
40 1974  2  8  9 15 22 30  5
41 1974  1  6 15 31 36 40 33
42 1974  8 14 16 27 32 36 21
43 1974  2  4  9 10 30 40 23
44 1974 14 16 22 26 28 29 35
45 1974 16 19 22 33 34 40  3
46 1974  6 23 25 29 32 37  1
47 1974  4  6  8 14 18 25 34
48 1974  5  6 26 28 36 38  8
49 1974  2 11 14 22 31 39  9
50 1974  4  9 10 21 23 35 16
51 1974  5  8 20 24 37 38 19
52 1974  2  5 10 20 30 35 15
 1 1975  1  7 18 30 31 35 16
 2 1975 11 14 16 35 38 40 26
 3 1975  1  3  4 24 34 39 25
 4 1975  4 15 16 18 20 37  9
 5 1975  9 18 27 31 32 40  4
 6 1975  1  2  9 10 25 30 19
 7 1975 13 20 26 27 28 39  5
 8 1975  8 10 11 20 23 28 34
 9 1975  2 20 23 24 36 39  3
10 1975 13 23 24 32 34 40 22
11 1975  4  9 27 36 38 39  3
12 1975  3 11 14 18 29 33  4
13 1975  2 12 22 23 24 37  6
14 1975  9 12 18 19 26 27 15
15 1975  3  4 10 16 32 37 26
16 1975  9 16 17 19 20 25 36
17 1975 10 16 17 18 29 36 22
18 1975  1  8 12 15 24 38 36
19 1975  3  9 13 28 30 32 22
20 1975  7 10 27 31 36 37 16
21 1975  2  4 17 19 32 40 21
22 1975  4  7 20 25 30 35 32
23 1975  1  3  8  9 10 26 38
24 1975  6  9 12 17 21 26 16
25 1975  2 22 26 31 33 38 13
26 1975  3  5  8 18 22 25 13
27 1975  3  4  6 14 16 22 39
28 1975  9 11 23 34 37 40 28
29 1975  7  8 10 11 12 14 38
30 1975  2 10 12 17 34 40 13
31 1975  2  9 14 17 23 35 36
32 1975 10 16 22 27 38 40  7
33 1975  3  8 11 19 23 24 21
34 1975  1  9 12 14 28 34 37
35 1975  3  9 11 13 19 23  6
36 1975  7 23 25 27 28 34 29
37 1975  8 10 11 23 29 39  3
38 1975  4 25 28 34 35 36  9
39 1975  2 14 19 27 30 38 18
40 1975  4  7 20 21 28 29 18
41 1975 13 15 27 28 30 34  6
42 1975  6 22 24 26 27 39 17
43 1975  8 12 13 14 15 32  5
44 1975  4  7 11 29 33 34 32
45 1975  9 11 13 24 28 34  3
46 1975  2  5 13 14 21 36 34
47 1975  3 14 20 32 33 38 28
48 1975  3 14 18 22 28 38 11
49 1975  4 16 20 27 37 40 28
50 1975 11 12 13 18 25 30 32
51 1975  4  7 11 17 18 34 33
52 1975  1  3  7 17 29 33 25
 1 1976  5 10 13 24 30 37  9
 2 1976  7  9 19 25 31 35 22
 3 1976  2  4 10 34 35 39 25
 4 1976 15 17 22 24 28 31  1
 5 1976  2  7  9 23 24 30 21
 6 1976  1  6 23 33 37 39 21
 7 1976  1  5 15 18 20 23 37
 8 1976  4 10 21 27 32 35 37
 9 1976  9 21 26 30 31 37 40
10 1976  2 10 17 20 28 32 29
11 1976  9 21 25 30 35 38 14
12 1976  1 10 13 19 24 35 36
13 1976  6 10 27 31 32 38 23
14 1976  3  8 12 28 29 37 18
15 1976  1 11 21 24 31 34  2
16 1976  8 26 29 30 34 35 11
17 1976  1  3 25 27 32 35 31
18 1976  2 10 14 18 19 24 15
19 1976  6 10 12 18 28 39 29
20 1976 13 19 22 26 32 37 25
21 1976  2  5 10 13 17 29 19
22 1976 12 21 30 32 33 38 11
23 1976 11 13 15 16 25 27  5
24 1976  1  4  7 29 36 39 11
25 1976  2  9 22 25 27 40  3
26 1976  2  7  8 11 16 28  3
27 1976 11 12 17 18 24 30  7
28 1976  5  9 16 26 29 33 34
29 1976  1  3 15 25 31 32  5
30 1976  5 20 25 32 39 40 30
31 1976 10 11 18 24 25 38 15
32 1976 10 24 29 30 33 40 26
33 1976  1  3  4  7 20 28 17
34 1976  9 22 23 25 26 40 18
35 1976  9 13 16 22 23 39 26
36 1976  1 11 12 14 35 40 21
37 1976 13 14 22 30 33 38 15
38 1976 11 21 29 33 38 39  8
39 1976  2  9 10 12 29 33 19
40 1976 10 13 26 28 29 36 17
41 1976  2  3  6  9 22 28 24
42 1976 22 27 29 31 34 35  3
43 1976  2  5  7 28 33 36 39
44 1976  9 17 20 26 28 34 18
45 1976  1 16 20 29 31 34 11
46 1976 11 27 28 29 39 40 10
47 1976 13 24 26 27 34 36  6
48 1976  1  3 14 23 38 40  6
49 1976  2 12 24 26 35 39 20
50 1976  2  6 13 14 35 38 17
51 1976  2  3 13 20 31 36 25
52 1976  2  5 21 25 28 30 32
 1 1977 11 23 26 32 34 35 36
 2 1977  2 21 22 28 32 39 24
 3 1977  3  4  5  7 19 29  1
 4 1977  4 11 13 15 22 36 33
 5 1977  3  6 14 16 38 39  1
 6 1977  1  4  7 19 25 28 17
 7 1977  2  3  6 19 27 34  7
 8 1977  3  8 16 27 38 39 25
 9 1977  1  6 11 22 23 29 21
10 1977  6 12 13 15 20 32 21
11 1977  3 15 17 35 36 40 31
12 1977  5 16 27 29 37 40 28
13 1977  4 25 31 32 33 35 37
14 1977  8 14 15 18 28 31  3
15 1977 12 13 16 33 34 40  5
16 1977  5  7 21 22 33 34  2
17 1977  6 10 19 22 26 31 27
18 1977  3  7 15 18 21 40 22
19 1977 23 24 25 30 34 37 21
20 1977  3 11 24 29 30 36 20
21 1977  3  9 14 34 36 40  8
22 1977  2 13 24 25 26 35 10
23 1977  3 17 18 20 24 38 10
24 1977  4 14 19 23 26 37 18
25 1977  6  8  9 25 33 40 36
26 1977  1 17 21 27 28 37 33
27 1977 20 24 25 27 31 36  3
28 1977  7 14 26 33 36 39 13
29 1977 10 11 13 23 25 28 22
30 1977  6  8 10 25 29 36 17
31 1977 10 11 19 22 23 27 36
32 1977  3  8  9 11 21 28 32
33 1977 10 11 12 16 29 33 40
34 1977 11 14 23 25 28 40 37
35 1977  2  4 10 21 27 34 36
36 1977  7 12 16 28 32 40 24
37 1977  5 15 19 31 33 35 14
38 1977  1 18 28 29 33 39 40
39 1977 12 18 19 21 30 33 20
40 1977  4 16 20 22 32 39 24
41 1977  4  6 15 19 24 31 18
42 1977  3 17 26 29 31 32 24
43 1977  2 16 18 25 31 35 23
44 1977  2  3  8 21 28 34  7
45 1977 11 22 26 27 33 35 32
46 1977  6  9 16 21 31 38 24
47 1977 22 30 34 38 39 40 31
48 1977  1  3  8 13 23 29  9
49 1977 11 21 23 24 29 36 19
50 1977  9 11 28 30 32 36 33
51 1977  1  2  5 20 24 30 34
52 1977  3  9 13 27 32 37  8
53 1977 19 20 26 30 32 37 22
 1 1978  2 17 22 32 36 40 16
 2 1978 13 28 30 32 33 40  4
 3 1978  4  6 10 13 16 22 32
 4 1978 13 14 16 18 21 35 10
 5 1978  9 10 22 35 36 37 28
 6 1978  6 16 21 30 36 40 32
 7 1978 12 22 29 32 33 36 40
 8 1978  3  6 17 18 20 28 31
 9 1978  2 14 20 22 26 39 35
10 1978 18 22 26 35 38 40  1
11 1978  3  4 22 23 25 30  9
12 1978 14 18 20 22 25 27 13
13 1978  6 16 21 32 35 37 36
14 1978  3  6 11 15 29 31 18
15 1978  1 14 16 20 22 26 25
16 1978 10 15 17 22 38 40 23
17 1978  8 11 26 32 38 40 24
18 1978 13 18 19 20 29 33 12
19 1978  5 10 18 27 32 39 38
20 1978 13 18 30 31 38 39  1
21 1978  2  4 17 24 29 39 30
22 1978  2  5 10 26 28 39 15
23 1978  2 13 15 18 23 33 21
24 1978 13 15 16 27 31 35  4
25 1978  8 11 21 33 34 38  1
26 1978  4 22 27 30 36 40  5
27 1978  4  6  8 23 29 33  3
28 1978  4  5 18 19 34 36  6
29 1978  1  2  9 17 37 38 19
30 1978 16 19 25 33 37 38  6
31 1978  9 13 19 24 27 39  5
32 1978 21 24 26 29 37 40 34
33 1978  3  6 13 16 18 22 25
34 1978  3 15 18 23 38 39  1
35 1978  3  6  7 17 19 22  8
36 1978  2  4 15 25 30 36 21
37 1978  3  5  8 32 36 37 18
38 1978 15 21 23 31 32 38  4
39 1978  3  4 15 17 26 30 11
40 1978  7 17 20 36 37 39 27
41 1978  9 13 20 23 28 35 37
42 1978 11 15 19 27 31 38  9
43 1978  1  7 14 23 31 36 15
44 1978  2  6 17 18 21 23 26
45 1978  5  7 10 22 33 39  3
46 1978  5 11 17 25 27 30 37
47 1978 15 23 24 26 27 39 38
48 1978 11 14 25 27 29 31 24
49 1978  7 20 23 32 36 39  4
50 1978  3 18 26 35 37 40 34
51 1978 12 13 16 17 26 37 20
52 1978  4  7 14 21 27 33 25
 1 1979  6 16 17 19 21 30  7
 2 1979  6 15 17 18 34 39 24
 3 1979  6 16 21 26 28 37  5
 4 1979  2  5 10 28 36 37 12
 5 1979  6 13 23 32 36 39  9
 6 1979  6 11 18 27 32 40 13
 7 1979  5  9 17 18 20 28 29
 8 1979  5  6 14 24 34 36 26
 9 1979  3  4 11 21 27 32 37
10 1979 12 18 20 25 35 38 15
11 1979  5  6 12 19 29 39  4
12 1979  3  5 16 35 36 37 12
13 1979  2  8 17 19 21 40 15
14 1979  1  9 15 16 22 26 24
15 1979  4 11 15 25 26 36  3
16 1979  2 10 14 17 22 31 21
17 1979  2 11 15 29 33 40 31
18 1979  4  5  8 14 36 41 17
19 1979 14 17 20 32 34 41  4
20 1979  4 17 36 39 41 42 10
21 1979  4  7 11 35 37 42 23
22 1979  3  8 10 26 29 34 24
23 1979 23 24 29 34 36 42 31
24 1979  4  5  8 22 29 37 28
25 1979  1  7  8  9 19 40 42
26 1979  7 11 18 22 32 41 15
27 1979  5  8 26 33 40 41 11
28 1979  1  2  4 24 36 42 28
29 1979  2  6 13 15 25 33 42
30 1979 13 14 26 28 30 40 24
31 1979 10 12 16 20 25 26 27
32 1979  1  9 16 22 32 39  7
33 1979 16 18 22 31 36 38  7
34 1979  3  4  5  8 12 14 26
35 1979  2  4  9 12 26 38  3
36 1979  3 21 29 31 34 38 24
37 1979  2  9 12 14 19 34 42
38 1979  4 17 18 31 32 33 25
39 1979  7  9 10 20 21 32  2
40 1979  4 15 18 29 37 40 32
41 1979  2  6 10 14 33 39 20
42 1979  7 12 23 26 29 36  4
43 1979  4 11 23 27 38 42 36
44 1979  4  8 14 29 32 34 28
45 1979  2  3  5  7 17 39  8
46 1979  2 14 28 33 36 41 38
47 1979  4  8 17 18 20 39 22
48 1979  4  9 13 14 28 39  2
49 1979  1  4 21 32 40 41 35
50 1979  3  4  7  9 23 38 31
51 1979 13 17 25 27 34 40  5
52 1979 12 17 23 28 32 38 14
 1 1980  9 15 22 27 33 37  4
 2 1980 14 23 26 31 35 37 32
 3 1980  6  7 22 23 29 36 37
 4 1980 14 15 17 25 28 38  1
 5 1980 11 15 20 29 31 37 16
 6 1980  9 26 29 30 40 42  3
 7 1980  2  4 13 27 32 40 41
 8 1980  6  8 28 29 37 40 41
 9 1980 13 20 21 22 38 42 24
10 1980  3  4 13 25 26 29 42
11 1980  1 16 27 30 31 37  3
12 1980  8 13 14 19 35 42  2
13 1980  5 13 23 24 35 38 31
14 1980  1  2  8 14 15 24 39
15 1980  1  8 12 25 27 35 21
16 1980  7 17 18 24 34 39  2
17 1980 10 19 20 22 25 28 34
18 1980  7 10 24 29 30 38  8
19 1980 27 34 35 38 40 42  1
20 1980  6 12 15 18 24 32 21
21 1980  4 12 15 18 38 41 24
22 1980  9 11 13 22 40 41 34
23 1980  4 12 27 29 30 40 13
24 1980  2  3  4 17 27 41 35
25 1980  5 24 25 34 35 38 10
26 1980  2 24 27 30 35 42 19
27 1980  1 10 17 29 35 36 27
28 1980  1 10 16 28 36 41 40
29 1980  2 11 15 25 37 40 16
30 1980  1  3  4 16 20 39 23
31 1980  3  5  9 13 21 33 32
32 1980  8 18 19 20 25 29  6
33 1980  1  2 25 26 29 31 32
34 1980  1  2  9 19 32 41 12
35 1980  5 18 20 21 22 28 29
36 1980 15 19 20 26 28 33 17
37 1980  2  3  9 27 28 35 38
38 1980  9 12 15 16 19 29 26
39 1980  6 13 15 29 34 42 19
40 1980  1 13 27 32 35 40  2
41 1980  4 26 31 32 39 42 16
42 1980 10 23 24 33 34 39 18
43 1980  3 12 18 27 28 42 20
44 1980 10 22 28 29 31 38  8
45 1980  3  9 20 25 26 28  1
46 1980  9 11 14 20 34 37 31
47 1980  1  7 29 30 33 42  5
48 1980  6  9 15 19 20 28 26
49 1980  3 11 19 23 26 40 15
50 1980 14 16 25 26 28 29 11
51 1980 14 16 28 29 38 41  7
52 1980  5 21 25 36 37 38 13
 1 1981  4  8 10 14 30 39 23
 2 1981 10 29 31 39 41 42 25
 3 1981  1  5 14 32 34 41 31
 4 1981 14 19 23 27 30 40 29
 5 1981  3 14 16 19 25 35 18
 6 1981  3 18 21 29 30 35 39
 7 1981  5 24 27 29 30 38 12
 8 1981  4 14 16 17 34 37 21
 9 1981  1  9 12 31 39 42 35
10 1981  2  5 12 13 14 25 19
11 1981  4  6 12 16 21 36 37
12 1981  3 10 12 20 25 36 17
13 1981  5 16 22 36 38 40 33
14 1981  3  5 11 13 24 42 29
15 1981  6 12 14 28 36 37 35
16 1981  3 16 18 20 25 38 42
17 1981 12 23 28 34 35 38 39
18 1981 10 14 19 32 35 38 36
19 1981  9 11 15 19 27 38  5
20 1981  3 11 13 21 35 42 30
21 1981  4 14 23 25 35 37  5
22 1981  2 10 22 24 26 42  8
23 1981 10 12 14 18 25 31 38
24 1981  7 22 24 28 36 40 23
25 1981  6 11 36 37 39 40 28
26 1981  2 19 21 25 26 30 29
27 1981 19 27 31 32 38 40  4
28 1981  2  9 15 34 39 41 32
29 1981  3  4  6 13 23 31 14
30 1981  1  7 12 13 23 36  5
31 1981  1  7  8 14 25 33 23
32 1981 11 13 17 19 40 42 28
33 1981  7 24 33 34 38 40 41
34 1981  4 15 20 34 38 39 29
35 1981 17 22 23 29 38 40  9
36 1981  5 11 13 18 32 42  7
37 1981  2  6  8 11 24 28 27
38 1981  1  2 18 19 40 42 41
39 1981  1  5  8 23 25 31  7
40 1981  5  6 16 33 35 42  2
41 1981  1  2  4 22 31 38 13
42 1981  2 19 24 35 38 39 28
43 1981  7 13 16 17 40 41 37
44 1981  2  9 15 16 23 31 29
45 1981  3  5  6 10 22 37 23
46 1981  7 11 15 23 27 35 13
47 1981  9 20 29 31 34 37 26
48 1981  5 13 16 17 18 22 23
49 1981  8 23 31 32 33 39  9
50 1981  1 27 30 38 40 42 19
51 1981 14 29 35 39 40 41  2
52 1981 10 13 16 20 33 35 31
 1 1982  4 11 17 23 25 39 37
 2 1982  4  8 16 18 24 33  2
 3 1982  4  5 10 14 22 23 29
 4 1982 10 11 13 16 24 31  1
 5 1982  5  6 17 21 29 30 31
 6 1982  4  9 28 32 36 41 40
 7 1982  1 11 15 19 29 42  8
 8 1982 13 14 20 28 32 34  7
 9 1982  6 23 28 33 36 39 31
10 1982  8 14 17 27 28 30 32
11 1982  1 10 19 22 25 39 42
12 1982  2  7 19 24 33 36 35
13 1982  8 19 20 28 32 33 41
14 1982  1  5  8 12 15 27 29
15 1982 17 21 28 35 39 40 24
16 1982  3  9 14 22 32 39  5
17 1982  4  9 16 20 27 31 30
18 1982  3  8 20 22 25 32 17
19 1982  5 12 23 30 31 37  9
20 1982 12 13 18 20 26 29  5
21 1982  4  7 12 21 27 32  2
22 1982 13 21 29 30 31 36 32
23 1982  1  5 12 13 23 40 14
24 1982  1 11 12 17 26 29 13
25 1982  8 13 21 35 39 41 20
26 1982  3 12 15 28 38 42 36
27 1982  4  9 21 35 36 38 12
28 1982  3  6 28 31 36 37  8
29 1982  4 12 18 27 36 38 15
30 1982 10 12 17 30 33 35 37
31 1982  6 12 26 34 35 39 21
32 1982  9 11 12 19 32 41  1
33 1982  2 11 12 17 24 35 16
34 1982 12 20 28 29 31 42 11
35 1982  3 18 21 31 35 37 12
36 1982  7  9 18 22 25 30  4
37 1982  5 12 15 19 26 29  1
38 1982  9 15 28 35 36 40 27
39 1982  4  7 16 26 27 29 30
40 1982  6 19 27 28 33 35 38
41 1982  1  2 16 24 33 41 31
42 1982  6  9 20 24 27 33 26
43 1982  3  8 12 15 17 34 26
44 1982  6  7  9 23 33 35 31
45 1982  4  8 15 18 27 36  7
46 1982  2  6 23 27 28 33 11
47 1982  1  8 15 33 34 42 39
48 1982  8 18 23 29 32 39  7
49 1982  1  3  6 25 28 30 16
50 1982  3 21 27 32 37 42 11
51 1982  1  4  7  9 26 35 14
52 1982 11 21 24 25 29 34 15
 1 1983  7 20 22 23 29 33 21
 2 1983  7 17 19 20 22 39 23
 3 1983  9 14 23 24 28 33 25
 4 1983  9 14 25 34 37 42  3
 5 1983  4 16 17 25 26 36 14
 6 1983 13 17 25 26 36 39 27
 7 1983  3 16 21 26 27 33 11
 8 1983 14 26 27 32 35 42  5
 9 1983  1  7 11 17 35 38 15
10 1983  7 25 32 35 41 42 28
11 1983  3  6  7  8 10 25 22
12 1983  1  4 13 21 23 26 28
13 1983  4 23 28 30 31 32 11
14 1983  5  9 10 15 19 40  1
15 1983 10 13 14 22 28 39 36
16 1983 10 19 21 27 35 41 13
17 1983  4  9 12 16 18 19  3
18 1983  8  9 18 21 22 33  2
19 1983 14 20 24 32 33 37 39
20 1983 13 14 15 19 31 33 41
21 1983 17 19 28 32 34 35  3
22 1983  3 15 25 27 33 34 22
23 1983  9 11 19 21 23 25 22
24 1983  4 10 15 20 22 35 23
25 1983 23 29 32 36 37 39 10
26 1983 19 20 26 28 31 37  8
27 1983  1  2 18 21 34 41  5
28 1983  1  7 12 14 18 42 27
29 1983  7 10 11 15 16 23 40
30 1983  1  3  6 34 36 41 35
31 1983 10 19 29 31 35 40  2
32 1983 11 14 15 17 29 32 12
33 1983  6 10 13 20 26 29 39
34 1983 13 14 25 30 37 42 10
35 1983  4  6  7 15 34 39 13
36 1983  5 17 21 24 31 36 35
37 1983 16 19 20 23 25 26 38
38 1983  1  5 10 13 31 39 12
39 1983  6  8 12 15 21 33 29
40 1983 12 15 20 23 27 31  5
41 1983  4  5 12 25 26 41 17
42 1983  1 23 29 30 35 36  3
43 1983 10 13 20 24 35 42  2
44 1983  1  7 12 14 17 28  3
45 1983  1  3 19 25 30 35  2
46 1983 10 13 16 36 39 42 23
47 1983  2  9 24 27 29 35 33
48 1983  7  8 11 20 39 41 24
49 1983  1  5 17 20 22 26  2
50 1983  6 10 17 20 21 27 13
51 1983  2 13 19 28 30 35 26
52 1983  4 18 24 29 34 36 19
53 1983  7  8  9 26 32 42 29
 1 1984  1  2  3 19 28 34 21
 2 1984  1 14 15 23 24 41  6
 3 1984  3  7 28 30 32 41 20
 4 1984  3 13 22 24 27 38 25
 5 1984  6 16 18 20 22 30  3
 6 1984  3  6  9 20 24 42 18
 7 1984  2  3  7 18 25 42 13
 8 1984  4  8  9 20 28 35 41
 9 1984  3  6 12 20 35 38  1
10 1984  1  7 10 15 16 39 30
11 1984  5 10 15 18 23 34 12
12 1984  7 16 24 26 30 32 25
13 1984 13 18 29 34 36 40 17
14 1984  6  7 12 22 35 36 18
15 1984  4  5  6 14 24 34 35
16 1984  5 16 19 23 27 35 18
17 1984 18 19 23 26 29 35  3
18 1984 11 16 17 29 30 35 26
19 1984  1  9 11 22 37 38 15
20 1984  2  5  9 29 31 40 35
21 1984  8 11 19 21 35 38 23
22 1984  5  6 16 19 21 38 26
23 1984 17 20 21 29 31 34  9
24 1984  3  4 11 18 33 42 30
25 1984 11 17 19 23 26 35 40
26 1984  6  7  8 13 16 21  4
27 1984  2  4  8 13 19 42 12
28 1984 14 17 26 31 36 41 16
29 1984  1  2  4 12 28 30 31
30 1984  2  5  8 13 14 27 41
31 1984 14 16 17 26 32 34  5
32 1984  3  9 12 19 27 34 24
33 1984 16 19 30 32 33 42 29
34 1984  1  4 14 18 35 39 15
35 1984  4  5  9 14 16 28  7
36 1984  5  8  9 23 26 33 35
37 1984 12 14 29 32 35 37 19
38 1984  3  7 18 20 24 29 16
39 1984  7 17 20 24 27 39 31
40 1984  9 10 14 23 26 28 21
41 1984 14 18 20 27 28 36 35
42 1984  5  8 11 19 29 35 14
43 1984 13 15 18 35 37 41 10
44 1984  1  5  7 19 29 34 14
45 1984  4  8  9 18 27 28 33
46 1984  4  9 17 30 31 34 19
47 1984  6  8 19 22 26 41 35
48 1984  2  3 21 28 29 30 18
49 1984  7 10 14 27 32 40 16
50 1984  1  6 19 26 37 42  8
51 1984  5  7 11 15 25 26 21
52 1984  5  7 14 16 28 36 30
 1 1985  7 19 22 26 30 41 37
 2 1985  4  6  9 20 27 42 16
 3 1985  7 18 20 33 41 42 26
 4 1985  6 15 16 22 29 40  1
 5 1985 15 17 18 24 30 36 13
 6 1985  5 23 28 29 32 38  4
 7 1985  1  3  5  6 13 32 22
 8 1985  5  7  8 17 26 29  2
 9 1985  2  7 10 11 20 38 36
10 1985  1  3 11 36 38 42 26
11 1985  2  3  9 26 28 30 19
12 1985  5 17 26 34 38 39  1
13 1985  8 11 16 26 35 39 17
14 1985  3  4  9 14 26 29 39
15 1985 10 20 23 29 33 39  3
16 1985 12 17 24 28 34 37 23
17 1985 15 21 23 25 33 36 37
18 1985  6  7  9 10 11 27  2
19 1985 10 11 15 17 27 35 34
20 1985  7 19 24 28 37 38  5
21 1985  3  9 24 34 40 42 20
22 1985  7 11 13 19 31 41 32
23 1985  1  9 22 24 32 37 12
24 1985  2 16 17 18 26 28 38
25 1985  1  3  8 18 21 23 10
26 1985  3 14 22 25 31 35 32
27 1985 14 16 22 26 37 42  1
28 1985  2 15 16 25 29 31 10
29 1985  7 10 17 19 22 38 16
30 1985  2 15 16 17 18 21 42
31 1985 10 14 18 27 33 35 28
32 1985  1  4  8 12 18 26 32
33 1985  2 18 23 29 31 40  7
34 1985  6  9 18 27 34 42 30
35 1985 12 17 19 24 36 38  7
36 1985  6  8 11 15 28 30 12
37 1985  2 14 28 31 34 39 33
38 1985  5  9 15 26 36 39 24
39 1985  4 12 14 19 20 24 23
40 1985  2  8 14 21 30 35 40
41 1985  7 13 22 25 30 33  1
42 1985  1  4 20 29 32 35 10
43 1985  6 19 23 24 28 29  3
44 1985 13 14 15 16 19 20 30
45 1985  7 12 18 25 28 31 11
46 1985  6 14 15 16 33 42 12
47 1985  4  8  9 12 24 31 16
48 1985  4 16 17 19 26 31 28
49 1985  8 11 16 17 28 34 22
50 1985  8  9 13 17 30 31 12
51 1985  7  8 20 28 36 42 12
52 1985  1  4  9 11 15 37  8
 1 1986  2  5  9 15 22 28 43
 2 1986  6  7 12 17 28 34 13
 3 1986  2 10 25 31 35 38 20
 4 1986  5 17 30 34 37 43 40
 5 1986  6  8 13 24 27 43  1
 6 1986  1  7 13 20 27 31 40
 7 1986  4  8 26 34 35 37 39
 8 1986  5 15 19 26 31 40  2
 9 1986  3  4 19 20 31 41 32
10 1986  1  6 26 30 38 40 23
11 1986  1  6  7 21 22 40 31
12 1986  4  7 13 22 27 32  6
13 1986 11 13 23 24 27 45 35
14 1986  5 18 24 25 33 41 14
15 1986  1  8 12 33 42 43 11
16 1986  8 12 26 28 31 37  6
17 1986  7  9 13 21 28 29 38
18 1986  2  7 18 28 29 32 14
19 1986  8 10 11 13 18 30  2
20 1986 11 17 18 27 36 45 15
21 1986  5  9 17 18 36 44 25
22 1986  1  7 18 21 30 38 40
23 1986  2 15 20 34 38 42 11
24 1986  1 22 26 34 37 44 25
25 1986  1  4  9 12 26 36 16
26 1986  2  7 15 20 24 27 33
27 1986  3  7  9 11 31 35 42
28 1986  1  2  3  6 12 26 17
29 1986  2  4 20 21 27 31 43
30 1986  2 15 22 25 35 40 31
31 1986  7 19 22 24 30 42 18
32 1986  6  7 12 24 26 42 11
33 1986  2  7 21 24 27 39 26
34 1986  7 17 29 35 43 45 42
35 1986  5 15 17 19 33 39 42
36 1986  3 12 13 30 42 44 39
37 1986  5  7 16 17 27 44 22
38 1986  1  6 13 21 29 40  5
39 1986  6  9 19 37 39 40 18
40 1986 13 18 20 27 33 41 26
41 1986  1  4 26 30 31 33 21
42 1986  8 20 21 31 41 42 29
43 1986  8 17 20 28 42 45 32
44 1986 14 20 22 24 28 34 42
45 1986 11 13 17 26 40 44  4
46 1986  3 11 15 19 38 45  8
47 1986 14 24 37 39 41 44  4
48 1986  4 18 26 37 43 45 10
49 1986  2 17 22 38 40 41 32
50 1986  6  9 12 19 27 29 41
51 1986  7 17 21 22 26 28 41
52 1986  1 13 15 21 32 41  3
 1 1987  1 11 27 36 39 44 16
 2 1987  9 17 20 25 26 28 43
 3 1987 18 26 34 35 38 45 31
 4 1987  8  9 10 11 28 45 25
 5 1987  2 10 23 34 37 42 12
 6 1987  3  7 13 20 27 43 39
 7 1987  8 17 20 32 40 43 24
 8 1987  1  6 27 32 39 43 42
 9 1987  6 11 18 33 35 39  9
10 1987  3 18 24 27 30 41 29
11 1987 11 12 14 16 24 31  5
12 1987 12 13 14 24 29 42 17
13 1987 10 13 27 36 38 45 31
14 1987  5 33 35 38 43 44 22
15 1987  1  2 14 21 24 44 42
16 1987  6 13 24 27 30 31  8
17 1987  1  7 27 32 40 41 42
18 1987  1  2  3 14 20 21 28
19 1987  5  6 15 25 33 34 22
20 1987  6  8 20 31 32 35 41
21 1987 14 19 21 25 27 39 40
22 1987  4  5  8 33 36 41 15
23 1987  6 18 24 26 30 34  5
24 1987 22 25 36 37 38 42 43
25 1987 21 28 29 34 40 42  3
26 1987  6 11 19 26 38 44 40
27 1987  1  8 10 34 43 45 38
28 1987  6  8 11 20 28 41 14
29 1987 15 19 37 39 43 45 41
30 1987  3 26 28 34 42 45 31
31 1987  5  8 11 36 37 44 33
32 1987  1 16 18 23 26 40 43
33 1987  9 18 19 21 27 36 38
34 1987  2  6 19 27 34 40 16
35 1987  1  8 14 35 37 43 10
36 1987  2  5  8 13 21 36 27
37 1987  3  7 19 24 33 36 14
38 1987  5  6 16 22 28 42 27
39 1987  1  7 14 15 24 26  6
40 1987  6 12 19 26 36 43 28
41 1987 14 17 18 22 40 42 44
42 1987  5 11 19 37 42 44  3
43 1987 22 27 28 30 38 42 10
44 1987  2  6  7 19 21 25 24
45 1987  3  6 12 38 40 45 44
46 1987  1  7  9 18 32 33 41
47 1987  4 13 18 23 35 44 28
48 1987 17 25 35 36 42 44  2
49 1987  1  2  9 12 31 44 22
50 1987  3  4 14 20 26 30 11
51 1987 31 32 33 38 40 43 19
52 1987 16 17 19 20 22 29 44
53 1987  3 11 17 32 33 37 22
 1 1988  1  8 11 20 22 40 18
 2 1988 22 25 29 37 41 44 33
 3 1988  3  4  6 18 40 44 25
 4 1988  1 11 14 17 41 45 15
 5 1988  1 15 21 22 24 32 39
 6 1988  1 18 23 30 31 36 26
 7 1988  6 13 14 28 29 38 44
 8 1988  7 12 21 33 42 45 38
 9 1988 10 12 16 25 33 36 27
10 1988  7  9 13 17 21 40 44
11 1988  4 21 25 32 33 35  1
12 1988  1 13 23 30 42 44 43
13 1988  3  7  8 19 28 42  5
14 1988  3  6  7 27 30 38 44
15 1988  6  9 18 31 33 43 17
16 1988  2 19 22 24 29 38 21
17 1988  3  6  7 20 23 34 41
18 1988 16 22 33 38 42 45 31
19 1988 15 18 28 32 40 43 45
20 1988  8 20 30 35 36 41 12
21 1988  2  9 21 24 29 36 23
22 1988  8 12 25 26 27 30  7
23 1988  7 10 12 14 29 41 35
24 1988  1  3  5  9 14 35 43
25 1988  5 10 21 30 41 42 36
26 1988 17 21 22 33 40 41 12
27 1988  1  2  3  7 17 23 45
28 1988  1  4 19 34 36 41 27
29 1988 10 13 17 19 37 43 23
30 1988 13 14 15 22 34 44 17
31 1988  4 10 13 25 32 35 20
32 1988 14 19 28 33 36 42 20
33 1988 22 26 29 37 44 45 31
34 1988  3 20 28 30 35 45 23
35 1988  4 21 25 34 39 43 17
36 1988  4  7 10 15 16 28 35
37 1988  2  4  9 18 32 39  3
38 1988  8 16 21 31 36 38 40
39 1988  1  8  9 24 27 35 42
40 1988  4  5 10 14 17 24 25
41 1988  2 22 24 32 41 45  8
42 1988  2 16 35 37 42 43 24
43 1988  7  8 10 22 29 40 37
44 1988  2 13 23 30 33 37 26
45 1988  5  9 10 26 27 31 25
46 1988  3  5 22 27 31 45 44
47 1988  2 10 23 34 36 42 37
48 1988  5  6 16 26 27 35 38
49 1988  4 18 20 36 37 38  5
50 1988 11 15 18 33 34 41 43
51 1988  1  2  4  9 10 35 37
52 1988  6 15 18 30 37 39  1
 1 1989 24 25 28 34 43 45 41
 2 1989 27 28 39 40 42 44  4
 3 1989  4  5 11 22 26 42 16
 4 1989  7 13 23 25 29 33 26
 5 1989 20 21 25 29 31 43 23
 6 1989 17 24 36 38 39 42 34
 7 1989  7 14 22 25 39 40 36
 8 1989  3 13 16 20 40 45 35
 9 1989  1  6 12 21 24 40 29
10 1989 13 15 22 23 26 30 32
11 1989 13 20 21 33 40 45 24
12 1989  6 19 23 26 28 38 39
13 1989 18 19 22 36 38 43 21
14 1989  2  7  8 23 27 45 37
15 1989  4  6  9 11 19 23 31
16 1989  9 15 16 24 35 38 45
17 1989  4  8 17 19 26 41 44
18 1989  2  8 24 39 40 41 37
19 1989  3  4  8 10 35 39 22
20 1989  2  3  6  9 40 45 19
21 1989  1  8 12 27 32 40 17
22 1989  1  9 16 26 34 43 45
23 1989 12 16 17 23 31 41 13
24 1989  1  3  6 32 37 41 44
25 1989  4 21 24 28 33 42  9
26 1989  3 11 21 30 33 42  6
27 1989  2  5 17 23 24 40  9
28 1989  1  2  3 16 17 35 15
29 1989  4  8 17 23 40 41 24
30 1989  2 13 34 35 40 44 23
31 1989  6 32 34 36 38 45  9
32 1989  1  3 15 28 34 41 45
33 1989  9 13 16 17 36 40 43
34 1989  6  8  9 18 21 27 25
35 1989  3 14 17 24 25 33 11
36 1989  3 10 15 25 28 39  9
37 1989  1  7 16 24 29 45 13
38 1989 13 15 18 22 25 38 14
39 1989  9 12 16 17 25 32 13
40 1989  5 17 23 28 36 38 32
41 1989  1  5 20 22 27 41 15
42 1989  4  6 10 12 27 45 21
43 1989 14 15 17 25 32 41 24
44 1989  1  7 11 21 25 34 10
45 1989  4 18 30 36 43 44 15
46 1989  8 11 25 37 38 44 27
47 1989 11 17 23 33 37 43 38
48 1989  5 10 17 27 36 39  1
49 1989  2  3 10 13 21 44 18
50 1989 10 34 36 37 39 41 24
51 1989 22 24 25 36 37 40 30
52 1989 20 24 31 40 42 44 26
 1 1990  1 13 16 29 40 41 25
 2 1990  4 15 20 30 42 43 18
 3 1990  2  7 17 21 24 41 22
 4 1990 12 25 32 35 42 44 27
 5 1990  8 14 17 25 31 36 10
 6 1990  3  4 10 11 14 43  9
 7 1990  2 18 23 28 30 36 32
 8 1990  1  2 10 13 23 32 17
 9 1990 25 29 30 31 35 42 34
10 1990 11 14 20 23 29 38 12
11 1990  6 12 16 20 34 43 15
12 1990  5 13 18 22 23 29  1
13 1990  7 10 12 20 22 41 11
14 1990 15 18 19 24 25 40 12
15 1990  6  8 19 20 29 36 10
16 1990 11 29 30 34 37 38 44
17 1990  1  4  5 10 26 34 22
18 1990  4  8 15 19 25 32 45
19 1990  5 18 19 28 32 40 26
20 1990  5 14 25 27 36 41 15
21 1990  8 11 13 29 34 42 23
22 1990  8 19 22 24 28 38  9
23 1990  1  8 19 27 28 36 25
24 1990 11 18 23 39 42 44  6
25 1990 10 15 18 25 26 28  7
26 1990  4  9 11 23 33 44  3
27 1990 11 22 27 41 42 44 16
28 1990 12 15 17 31 38 44 36
29 1990 20 22 23 28 37 38 14
30 1990 10 22 27 40 44 45 14
31 1990 10 12 21 26 32 43 33
32 1990 13 16 21 24 30 41 12
33 1990  9 12 14 38 42 43 10
34 1990  1  6 13 21 22 27  3
35 1990 15 17 26 38 39 43  9
36 1990 17 19 23 30 32 34 26
37 1990  1  8 34 35 36 41 14
38 1990  1  2 19 23 26 44 34
39 1990 13 15 18 25 28 39 42
40 1990 20 24 26 27 34 35 17
41 1990  1  7 16 22 29 31 34
42 1990  9 10 18 30 34 42 33
43 1990  1  6 10 21 41 45 29
44 1990  1 12 18 24 29 45 43
45 1990  6 21 24 33 35 42 44
46 1990  1 15 26 30 31 34  9
47 1990  3  7 10 11 12 40 34
48 1990  1  9 16 20 29 42 37
49 1990  1 15 23 36 37 42 39
50 1990  8 10 13 22 41 44 18
51 1990  2 12 21 24 39 42 23
52 1990  7 11 12 15 24 30 32
 1 1991 10 15 16 21 27 36  6
 2 1991 27 29 31 34 38 45 15
 3 1991 11 13 20 23 31 33  2
 4 1991  1  3 12 30 33 36 24
 5 1991 18 22 24 30 31 39 21
 6 1991  3 20 22 24 32 37 35
 7 1991  1  9 19 24 26 31  8
 8 1991 13 15 18 25 40 44 29
 9 1991  1  3  8 10 34 39 29
10 1991  4 10 20 26 38 41 30
11 1991  5 28 30 36 37 42 22
12 1991 11 12 18 30 34 35 21
13 1991  2 10 13 29 35 44 17
14 1991  7 10 15 26 42 44 32
15 1991  6  8 16 33 37 45 25
16 1991  1 19 38 39 41 42  6
17 1991  1 13 21 24 30 45  5
18 1991  9 11 29 40 43 44 27
19 1991 20 26 27 28 35 36 22
20 1991  6  8 13 28 41 44 32
21 1991  8 14 24 28 31 36 39
22 1991  2  9 11 19 37 39 15
23 1991  2 15 20 29 34 45  3
24 1991  9 13 16 25 27 43 12
25 1991 13 17 28 31 32 34 38
26 1991 12 15 27 33 38 41  1
27 1991 12 19 22 27 29 31 45
28 1991 14 17 23 26 33 42  5
29 1991  2  3 32 34 42 44 21
30 1991  1 15 28 30 40 41 45
31 1991  2 13 34 36 43 45  4
32 1991  9 10 11 19 27 43 15
33 1991 10 15 25 34 40 44  4
34 1991  1  2  3 27 30 35 32
35 1991  9 12 27 29 36 42 32
36 1991  4 10 12 17 30 31 14
37 1991  2 15 17 22 26 29 27
38 1991  7  8 14 18 25 30 23
39 1991  6  9 13 22 31 34 20
40 1991  1  3  6 15 22 25 42
41 1991  6  9 13 18 34 40 12
42 1991  4 18 20 25 29 36 15
43 1991  7 16 18 23 40 42  8
44 1991  4 15 22 32 34 42 37
45 1991  1  8 13 23 24 42 39
46 1991  9 14 20 31 35 37 29
47 1991  3  8 21 24 29 44 25
48 1991  4 12 14 21 42 44  7
49 1991 18 20 22 23 31 40 28
50 1991  1  2 25 38 42 45 20
51 1991  6  9 14 37 41 45  8
52 1991  8 10 11 24 41 44 15
 1 1992 12 20 21 22 30 42 31
 2 1992  2  3  9 22 29 45 36
 3 1992  4  6  7 16 19 28 40
 4 1992  8 24 25 28 29 42 11
 5 1992  8 10 28 38 42 44  5
 6 1992  5 16 28 29 36 45 14
 7 1992  4  9 25 26 32 36 45
 8 1992 11 12 14 32 41 45 42
 9 1992 12 13 15 24 42 45 35
10 1992  2 27 32 34 37 39 42
11 1992  1  7 23 26 32 35 45
12 1992  9 14 23 25 29 33  3
13 1992  2  6 12 13 30 34 41
14 1992  8 20 31 40 41 44  5
15 1992  6  7 22 34 35 36 23
16 1992 12 21 30 38 41 42 45
17 1992  2  9 16 34 36 44 41
18 1992  1  9 10 11 37 42 30
19 1992  1  8 15 19 24 32 29
20 1992  2  5 11 32 34 44 10
21 1992  7 21 22 32 39 42 40
22 1992 10 17 28 32 35 40 21
23 1992  1  6 22 24 26 37 31
24 1992  1  4 16 18 23 40 17
25 1992 10 19 24 26 32 45 21
26 1992  1 14 17 28 37 43 13
27 1992  1  4 17 19 21 36  5
28 1992  1  7 16 31 36 45  2
29 1992  5  8 14 18 37 44 23
30 1992  4 12 15 22 29 42 16
31 1992 22 27 37 39 43 44 40
32 1992  3  9 18 22 35 45 10
33 1992  5 28 30 35 37 40 18
34 1992 14 22 23 31 34 42 25
35 1992  4  9 14 29 31 37 41
36 1992 14 16 17 27 36 43 11
37 1992  5 17 24 29 36 38 37
38 1992 16 18 20 24 28 34 14
39 1992  2 15 26 33 40 41 13
40 1992  2  4  8 27 28 45  7
41 1992  5  6  7  8 14 44 42
42 1992 25 26 27 29 34 41  1
43 1992  2 13 22 25 36 42 31
44 1992  7 17 29 31 33 35 28
45 1992  2 10 29 36 42 45 16
46 1992  1  8 10 12 32 45 44
47 1992  2 16 24 25 27 29  7
48 1992 22 23 30 32 36 37 24
49 1992  2 11 16 21 24 37  6
50 1992  1 10 27 36 37 42 41
51 1992  7  9 11 21 40 44 15
52 1992  1  8  9 10 13 17 18
53 1992  5 18 30 34 37 40 22
 1 1993  1  6 11 22 29 45 28
 2 1993  1  8 13 16 17 34  6
 3 1993  5 14 22 27 32 40  1
 4 1993 21 22 25 28 36 39 24
 5 1993  3  6 25 31 32 39  9
 6 1993 16 19 26 28 30 41 21
 7 1993  3 14 24 28 32 42 17
 8 1993  9 20 26 29 34 43 23
 9 1993  9 10 12 18 30 39  4
10 1993  3  4  7 19 27 38  1
11 1993  4 14 20 22 26 38 15
12 1993  8  9 10 13 24 29 36
13 1993 12 13 14 30 37 45  5
14 1993  4 11 12 17 36 44 32
15 1993  3  9 32 33 39 45  2
16 1993  1 15 22 26 30 34 18
17 1993  7 20 24 33 35 45  1
18 1993  9 22 23 27 38 39 19
19 1993  6  9 13 23 33 39  3
20 1993  9 16 20 32 41 45 40
21 1993  1  3 10 11 40 41  5
22 1993 16 22 29 30 35 37 36
23 1993  6 14 20 31 41 42 22
24 1993  3  5 11 21 28 45 14
25 1993 13 14 23 26 33 34 28
26 1993 18 22 31 37 40 43 10
27 1993  6 21 23 29 43 44 35
28 1993  2  5 11 24 32 45 18
29 1993  1  3  4 13 19 41 39
30 1993  4 19 21 22 27 31 20
31 1993 10 16 19 22 30 34 42
32 1993  1 12 15 24 28 30 18
33 1993 10 11 15 24 41 45 26
34 1993  6 22 28 29 32 34 45
35 1993 11 14 15 22 24 35 32
36 1993  2  5 13 30 35 36 42
37 1993  1  6 30 31 32 34 14
38 1993 12 18 24 30 34 36 38
39 1993 16 18 26 27 35 44 31
40 1993 18 22 24 29 38 40 37
41 1993 13 25 29 34 38 43  6
42 1993 31 35 36 37 39 41  1
43 1993  2  9 14 16 27 32 21
44 1993 10 14 23 25 37 44  9
45 1993  1  2  8 12 25 27 43
46 1993  7  9 32 37 41 45 31
47 1993 11 18 21 24 33 42  2
48 1993  5  6 19 24 28 30 32
49 1993 13 31 32 33 35 38 12
50 1993 26 27 28 31 36 38 43
51 1993 15 19 23 26 38 44 29
52 1993  5  8  9 18 27 41 29
 1 1994  3 14 15 18 23 42 31
 2 1994  5  8 15 32 40 45 41
 3 1994  1  7 19 20 37 38 41
 4 1994 10 17 21 23 25 31 28
 5 1994  3 12 30 34 39 43 13
 6 1994  2  3  6  9 13 45  7
 7 1994  9 21 26 33 36 42 39
 8 1994  9 12 14 16 27 32 23
 9 1994  1  6 15 18 19 24 30
10 1994  6 24 27 28 32 45 26
11 1994  8 10 21 28 34 36 20
12 1994  2  4  6 17 28 41 24
13 1994  3  5 27 38 39 41 24
14 1994  6  8 33 35 40 45 44
15 1994  3 10 14 26 39 41 35
16 1994  9 22 26 29 31 38 41
17 1994  7 11 19 21 26 36 24
18 1994  4 23 37 38 40 44 35
19 1994  6  7  8 25 26 36 17
20 1994  3  6 16 18 39 40 28
21 1994  2 10 14 17 25 41 30
22 1994  5 15 21 27 37 43 30
23 1994 10 13 22 23 34 43 27
24 1994  1 24 33 36 38 42 18
25 1994  3 12 15 23 24 26 10
26 1994  4 28 32 34 38 43 42
27 1994  5 14 29 35 36 42 15
28 1994  1  3 14 30 31 33 36
29 1994  9 11 21 26 31 37  5
30 1994 21 26 28 35 40 41 17
31 1994 20 23 25 29 30 44 34
32 1994 17 25 30 38 39 42 34
33 1994 10 19 22 31 40 45 32
34 1994  9 17 30 31 35 37 38
35 1994  2  4  5 17 22 24  8
36 1994  2  3 11 33 37 40 13
37 1994  7  8 22 23 32 37 45
38 1994  2  7  9 20 30 37 26
39 1994  4 23 31 36 42 45 17
40 1994  1  2  6  9 34 37 32
41 1994 18 24 35 38 39 43  2
42 1994  9 17 22 23 32 44 38
43 1994  7 23 31 39 40 45 38
44 1994  1  3  4 24 27 31 40
45 1994  8 22 25 26 28 45 17
46 1994  7  9 13 23 36 39 14
47 1994  6  8 26 34 42 45 36
48 1994  7  8 25 27 30 33  1
49 1994  3 14 22 24 33 36 32
50 1994  2 11 18 32 34 45 39
51 1994  3 16 19 25 27 33 41
52 1994 12 15 24 27 32 40 44
 1 1995  3 13 16 24 25 38 33
 2 1995  8 17 39 40 42 44 31
 3 1995  7  9 10 14 32 41 28
 4 1995  1  9 14 37 42 43 31
 5 1995  1  4 12 15 33 36 45
 6 1995  8 14 17 18 26 36 19
 7 1995 15 24 28 32 34 39 23
 8 1995  6  9 23 29 36 40 25
 9 1995 10 20 24 28 31 43  4
10 1995  5  7 12 30 32 41 10
11 1995  2 24 32 34 43 44  6
12 1995  3  9 18 20 24 40 34
13 1995  2  8 19 22 33 39 12
14 1995  6 11 16 26 41 45 12
15 1995  1 14 17 19 31 36  7
16 1995  6  9 11 13 35 40  2
17 1995  5 16 18 22 34 36  8
18 1995  7 15 21 26 38 41  2
19 1995  5 13 16 21 26 44 33
20 1995 14 19 21 30 39 42 32
21 1995  5  7 11 14 25 36 41
22 1995 10 11 16 25 28 45 24
23 1995 12 14 18 38 41 45  9
24 1995  5 17 31 33 34 36 22
25 1995  2  3 19 20 22 40  1
26 1995 12 16 22 23 38 41 28
27 1995  2 16 19 22 24 45 27
28 1995  1  7 15 18 24 28 22
29 1995  3  9 16 26 37 42 12
30 1995  2  7 14 21 26 43  4
31 1995  2  6 22 23 36 40 35
32 1995  1  2  6 17 21 32 31
33 1995  7  8 12 23 29 39 21
34 1995  3  4 22 28 32 34 41
35 1995 17 22 23 35 36 39 42
36 1995 16 21 24 25 29 33 12
37 1995 14 16 20 27 35 38 39
38 1995  5  7 19 26 43 44 14
39 1995  7 11 13 20 21 35 29
40 1995 11 12 28 32 36 38 43
41 1995  8  9 28 32 33 36 43
42 1995  2  6 10 24 30 35 28
43 1995  6  9 18 31 32 45 36
44 1995  7 11 18 28 29 45 37
45 1995  1  6 17 19 21 31 32
46 1995 12 21 28 36 39 45 41
47 1995  1 13 19 23 27 36  4
48 1995  5 16 18 35 38 44 39
49 1995 13 23 29 32 40 42  3
50 1995 10 23 25 29 37 45  2
