53
41
34
28
29
40
35
41
51
42
37
38
38
41
38
37
30
40
37
28
37
55
41
54
36
44
41
44
43
42
41
48
29
49
32
53
39
37
33
38
38
47
24
38
47

96
77
66
58
55
78
72
73
78
68
63
63
73
65
62
58
68
71
63
59
71
89
65
89
66
74
76
73
65
69
65
71
57
77
59
86
65
66
53
75
70
81
52
65
75

153
125
117
124
103
124
129
125
140
113
109
115
123
129
116
110
122
121
123
113
109
132
116
135
114
131
126
135
132
109
112
116
101
124
122
133
100
111
96
114
106
132
52
65
75

224
202
201
200
170
193
184
193
223
187
199
185
196
187
180
170
178
205
188
180
176
219
184
206
189
205
205
208
202
191
177
188
164
193
188
204
162
177
169
200
106
132
52
65
75

