00012
00012
00032
00032
00062
00062
00172
00172
00202
00202
00232
00232
00362
00362
00412
00412
00472
00472
00492
00492
00502
00502
00552
00552
00582
00582
00592
00592
00602
00602
00612
00612
00653
00653
00663
00663
00673
00673
00683
00683
00713
00713
00732
00732
00832
00832
00882
00882
00902
00902
00932
00932
00942
00942
00972
00972
01012
01012
01022
01022
01032
01032
01042
01042
01082
01082
01122
01122
01152
01152
01213
01213
01223
01223
01233
01233
01243
01243
01322
01322
01412
01412
01442
01442
01472
01472
01502
01502
01552
01552
01562
01562
01632
01632
01722
01722
01752
01752
01772
01772
01822
01822
01872
01872
01882
01882
01902
01902
01922
01922
01932
01932
01953
01953
01992
01992
02003
02003
02013
02013
02023
02023
02033
02033
02042
02042
02053
02053
02063
02063
02073
02073
02083
02083
02092
02092
02102
02102
02113
02113
02123
02123
02132
02153
02153
02162
02162
02203
02203
02223
02223
02233
02233
02262
02262
02273
02273
02283
02283
02302
02302
02313
02313
02343
02343
02352
02352
02362
02362
02373
02373
02393
02393
02413
02413
02432
02432
02502
02502
02512
02522
02522
02542
02542
02553
02553
02563
02563
02583
02583
02633
02633
02653
02653
02662
02662
02672
02672
02703
02703
02712
02712
02722
02722
02733
02733
02742
02742
02782
02782
02792
02792
02802
02802
02812
02812
02833
02833
02853
02853
02883
02883
02892
02892
02993
02993
03013
03013
03023
03023
03033
03033
03043
03043
03053
03053
03063
03063
03073
03073
03083
03083
03093
03093
03113
03113
03123
03123
03133
03133
03143
03143
03153
03153
03163
03163
03173
03173
03183
03183
03193
03193
03213
03213
03222
03222
03232
03232
03243
03243
03253
03253
03263
03263
03273
03273
03283
03283
03313
03313
03323
03323
03333
03333
03342
03342
03353
03353
03363
03363
03372
03372
03383
03383
03392
03392
03423
03423
03432
03432
03443
03443
03453
03453
03473
03473
03483
03483
03493
03493
03513
03513
03523
03523
03532
03532
03543
03543
03552
03552
03563
03563
03573
03573
03582
03582
03593
03593
03613
03613
03623
03623
03632
03632
03643
03643
03653
03653
03663
03663
03672
03672
03683
03683
03692
03692
03713
03713
03732
03732
03743
03743
03753
03753
03763
03763
03773
03773
03783
03783
03812
03812
03832
03832
03842
03842
03962
03962
04002
04002
04052
04052
04122
04122
04132
04132
04192
04192
04232
04232
04242
04242
04252
04252
04262
04262
04272
04272
04282
04282
04292
04292
04312
04312
04322
04322
04332
04332
04342
04342
04352
04352
04412
04412
04462
04462
04512
04512
04552
04552
04562
04562
04572
04582
04582
04592
04592
04612
04612
04632
04632
04652
04652
04672
04672
04692
04692
04702
04713
04713
04723
04723
04733
04733
04743
04743
04753
04753
04802
04802
04862
04862
04882
04882
04902
04902
04972
04972
04983
04983
04992
04992
05002
05002
05013
05013
05023
05023
05032
05032
05043
05043
05053
05053
05063
05063
05072
05072
05083
05083
05093
05093
05103
05103
05113
05113
05123
05123
05133
05133
05143
05143
05153
05153
05163
05163
05173
05173
05183
05183
05193
05193
05202
05202
05213
05213
05223
05223
05233
05233
05243
05243
05253
05253
05263
05263
05273
05273
05282
05282
05293
05293
05303
05303
05312
05312
05323
05323
05333
05333
05343
05343
05353
05353
05363
05363
05373
05373
05383
05383
05393
05393
05403
05403
05412
05412
05423
05423
05433
05433
05443
05443
05453
05453
05463
05463
05473
05473
05483
05483
05493
05493
05503
05503
05513
05513
05523
05523
05533
05533
05543
05543
05552
05552
05562
05562
05573
05573
05583
05583
05593
05593
05603
05603
05613
05613
05623
05623
05633
05633
05643
05643
05652
05652
05663
05663
05673
05673
05683
05683
05693
05693
05702
05702
05713
05713
05723
05723
05732
05732
05742
05742
05753
05753
05763
05763
05773
05773
05783
05783
05793
05793
05802
05802
05813
05813
05823
05823
05833
05833
05843
05843
05852
05852
05863
05863
05873
05873
05883
05883
05892
05892
05903
05903
05913
05913
05923
05923
05933
05933
05943
05943
05952
05952
05962
05962
05982
05982
05993
05993
06003
06003
06013
06013
06023
06023
06033
06033
06043
06043
06052
06052
06063
06063
06072
06072
06142
06142
06162
06162
06252
06252
06312
06312
06372
06372
06382
06382
06422
06422
06442
06442
06472
06472
06482
06482
06542
06542
06552
06552
06562
06562
06582
06582
06592
06592
06632
06632
06652
06652
06672
06672
06712
06712
06742
06742
06782
06782
06802
06802
06852
06852
06912
06912
06942
06972
06972
07002
07002
07013
07013
07062
07062
07102
07102
07113
07113
07122
07122
07162
07162
07202
07202
07212
07302
07302
07313
07313
07372
07372
07412
07412
07433
07433
07442
07442
07472
07472
07482
07482
07502
07502
07533
07533
07553
07553
07582
07582
07602
07602
07613
07613
07622
07622
07632
07632
07652
07652
07702
07702
07713
07713
07722
07722
07733
07733
07743
07743
07772
07772
07803
07803
07812
07812
07842
07842
07872
07872
07893
07893
07902
07902
07912
07912
07952
07952
07962
07962
08002
08002
08013
08013
08062
08062
08112
08112
08142
08142
08182
08182
08232
08232
08242
08242
08302
08302
08352
08352
08362
08362
08372
08372
08392
08392
08402
08402
08422
08422
08442
08442
08452
08452
08482
08482
08502
08502
08522
08522
08542
08542
08562
08562
08572
08572
08582
08582
08602
08602
08622
08622
08642
08642
08652
08652
08682
08682
08702
08702
08722
08792
08792
08802
08802
08813
08813
08823
08823
08833
08833
08843
08843
08853
08853
08863
08863
08873
08873
08883
08883
08893
08893
08903
08903
08922
08922
08932
08932
08942
08942
08952
08952
08963
08963
08973
08973
08983
08983
08993
08993
09012
09012
09013
09013
09022
09023
09023
09032
09032
09042
09042
09062
09062
09072
09072
09082
09082
09092
09092
09102
09102
09142
09142
09152
09152
09162
09162
09172
09172
09252
09252
09302
09302
09312
09312
09322
09322
09332
09332
09342
09342
09343
09343
09362
09362
09372
09372
09392
09392
09412
09412
09422
09422
09432
09432
09442
09442
09452
09452
09522
09522
09592
09592
09672
09672
09732
09732
09742
09742
09752
09752
09762
09762
09822
09822
09982
09982
